 -75.742206    36.187310   2.75
 -75.742187    36.187305   2.77
 -75.742177    36.187302   2.79
 -75.742168    36.187299   2.81
 -75.742159    36.187298   2.83
 -75.742149    36.187295   2.84
 -75.742122    36.187287   2.90
 -75.742112    36.187285   2.91
 -75.742102    36.187282   2.92
 -75.742092    36.187279   2.93
 -75.742082    36.187277   2.95
 -75.742072    36.187274   2.97
 -75.742062    36.187271   2.98
 -75.742052    36.187269   2.99
 -75.742043    36.187267   3.02
 -75.742034    36.187264   3.03
 -75.742025    36.187261   3.03
 -75.742015    36.187259   3.06
 -75.742005    36.187256   3.07
 -75.741995    36.187254   3.09
 -75.741986    36.187251   3.09
 -75.741976    36.187248   3.12
 -75.741966    36.187246   3.12
 -75.741957    36.187244   3.14
 -75.741948    36.187242   3.15
 -75.741938    36.187240   3.18
 -75.741929    36.187237   3.19
 -75.741919    36.187235   3.20
 -75.741908    36.187233   3.21
 -75.741898    36.187230   3.23
 -75.741888    36.187227   3.24
 -75.741879    36.187225   3.27
 -75.741870    36.187222   3.28
 -75.741860    36.187219   3.29
 -75.741851    36.187217   3.30
 -75.741842    36.187214   3.31
 -75.741833    36.187211   3.34
 -75.741824    36.187208   3.34
 -75.741814    36.187206   3.36
 -75.741804    36.187203   3.36
 -75.741794    36.187200   3.39
 -75.741784    36.187197   3.41
 -75.741774    36.187194   3.42
 -75.741765    36.187192   3.42
 -75.741756    36.187190   3.42
 -75.741747    36.187187   3.45
 -75.741710    36.187178   3.51
 -75.741700    36.187175   3.51
 -75.741689    36.187173   3.53
 -75.741679    36.187170   3.53
 -75.741670    36.187168   3.53
 -75.741661    36.187166   3.56
 -75.741652    36.187163   3.58
 -75.741642    36.187161   3.58
 -75.741633    36.187159   3.60
 -75.741624    36.187157   3.61
 -75.741615    36.187155   3.62
 -75.741605    36.187152   3.64
 -75.741595    36.187150   3.65
 -75.741584    36.187147   3.66
 -75.741575    36.187144   3.67
 -75.741566    36.187142   3.68
 -75.741556    36.187139   3.69
 -75.741547    36.187137   3.69
 -75.741537    36.187134   3.71
 -75.741528    36.187132   3.72
 -75.741518    36.187130   3.72
 -75.741510    36.187127   3.72
 -75.741500    36.187124   3.73
 -75.741490    36.187122   3.75
 -75.741481    36.187119   3.75
 -75.741470    36.187117   3.78
 -75.741461    36.187114   3.81
 -75.741451    36.187111   3.80
 -75.741441    36.187109   3.80
 -75.741432    36.187107   3.83
 -75.741423    36.187104   3.83
 -75.741413    36.187102   3.83
 -75.741404    36.187099   3.85
 -75.741395    36.187097   3.83
 -75.741386    36.187094   3.86
 -75.741376    36.187091   3.87
 -75.741356    36.187086   3.88
 -75.741345    36.187084   3.89
 -75.741335    36.187081   3.90
 -75.741306    36.187074   3.92
 -75.741296    36.187071   3.92
 -75.741287    36.187069   3.94
 -75.741278    36.187067   3.94
 -75.741268    36.187065   3.97
 -75.741249    36.187060   3.97
 -75.741239    36.187057   3.98
 -75.741229    36.187055   3.98
 -75.741219    36.187053   3.99
 -75.741209    36.187050   4.02
 -75.741199    36.187048   4.00
 -75.741189    36.187046   4.01
 -75.741179    36.187043   4.02
 -75.741169    36.187041   4.04
 -75.741159    36.187038   4.05
 -75.741150    36.187036   4.05
 -75.741131    36.187031   4.06
 -75.741122    36.187028   4.08
 -75.741113    36.187026   4.09
 -75.741104    36.187023   4.08
 -75.741095    36.187020   4.09
 -75.741085    36.187017   4.09
 -75.741065    36.187010   4.11
 -75.741055    36.187006   4.12
 -75.741046    36.187004   4.13
 -75.741037    36.187001   4.14
 -75.741028    36.186998   4.14
 -75.741019    36.186995   4.16
 -75.741010    36.186993   4.16
 -75.741001    36.186990   4.17
 -75.740983    36.186985   4.18
 -75.740973    36.186982   4.20
 -75.740963    36.186978   4.21
 -75.740952    36.186975   4.22
 -75.740943    36.186973   4.22
 -75.740933    36.186970   4.19
 -75.740906    36.186963   4.26
 -75.740897    36.186961   4.26
 -75.740888    36.186959   4.26
 -75.740879    36.186957   4.26
 -75.740870    36.186955   4.28
 -75.740861    36.186953   4.28
 -75.740850    36.186950   4.29
 -75.740840    36.186948   4.29
 -75.740829    36.186946   4.29
 -75.740819    36.186943   4.32
 -75.740810    36.186941   4.30
 -75.740800    36.186940   4.32
 -75.740791    36.186938   4.33
 -75.740781    36.186937   4.34
 -75.740772    36.186935   4.35
 -75.740763    36.186933   4.35
 -75.740753    36.186930   4.36
 -75.740743    36.186928   4.37
 -75.740733    36.186926   4.38
 -75.740724    36.186924   4.37
 -75.740714    36.186922   4.39
 -75.740704    36.186920   4.41
 -75.740694    36.186917   4.40
 -75.740685    36.186915   4.40
 -75.740676    36.186912   4.41
 -75.740667    36.186910   4.42
 -75.740657    36.186907   4.43
 -75.740648    36.186904   4.44
 -75.740640    36.186901   4.44
 -75.740630    36.186899   4.45
 -75.740621    36.186896   4.45
 -75.740611    36.186893   4.46
 -75.740601    36.186890   4.47
 -75.740591    36.186888   4.48
 -75.740582    36.186885   4.50
 -75.740572    36.186882   4.49
 -75.740563    36.186879   4.50
 -75.740554    36.186877   4.50
 -75.740545    36.186874   4.50
 -75.740535    36.186871   4.51
 -75.740526    36.186868   4.52
 -75.740501    36.186856   4.54
 -75.740492    36.186852   4.55
 -75.740484    36.186848   4.56
 -75.740475    36.186843   4.56
 -75.740467    36.186839   4.56
 -75.740458    36.186835   4.58
 -75.740450    36.186831   4.58
 -75.740441    36.186827   4.59
 -75.740432    36.186823   4.61
 -75.740423    36.186820   4.59
 -75.740416    36.186816   4.60
 -75.740405    36.186812   4.61
 -75.740397    36.186808   4.64
 -75.740388    36.186804   4.63
 -75.740378    36.186800   4.63
 -75.740371    36.186797   4.65
 -75.742367    36.186920   2.60
 -75.742357    36.186917   2.62
 -75.742347    36.186915   2.64
 -75.742317    36.186907   2.70
 -75.742307    36.186904   2.74
 -75.742299    36.186902   2.75
 -75.742290    36.186900   2.75
 -75.742281    36.186898   2.78
 -75.742272    36.186895   2.81
 -75.742262    36.186892   2.81
 -75.742252    36.186890   2.82
 -75.742242    36.186887   2.85
 -75.742232    36.186885   2.87
 -75.742223    36.186882   2.89
 -75.742214    36.186880   2.93
 -75.742206    36.186878   2.92
 -75.742197    36.186875   2.94
 -75.742187    36.186873   2.94
 -75.742178    36.186870   2.96
 -75.742168    36.186867   2.98
 -75.742159    36.186865   3.00
 -75.742149    36.186862   3.01
 -75.742140    36.186859   3.02
 -75.742130    36.186858   3.06
 -75.742121    36.186855   3.05
 -75.742111    36.186851   3.07
 -75.742102    36.186849   3.11
 -75.742092    36.186847   3.11
 -75.742083    36.186844   3.11
 -75.742074    36.186842   3.13
 -75.742064    36.186839   3.17
 -75.742055    36.186836   3.18
 -75.742046    36.186834   3.18
 -75.742036    36.186831   3.19
 -75.742027    36.186829   3.20
 -75.742017    36.186826   3.22
 -75.742008    36.186823   3.25
 -75.741999    36.186821   3.27
 -75.741990    36.186818   3.27
 -75.741980    36.186815   3.29
 -75.741971    36.186813   3.31
 -75.741961    36.186810   3.32
 -75.741951    36.186808   3.31
 -75.741915    36.186797   3.38
 -75.741905    36.186795   3.40
 -75.741896    36.186792   3.42
 -75.741886    36.186790   3.43
 -75.741868    36.186785   3.45
 -75.741858    36.186783   3.47
 -75.741849    36.186780   3.47
 -75.741839    36.186778   3.47
 -75.741829    36.186776   3.51
 -75.741819    36.186773   3.51
 -75.741810    36.186772   3.52
 -75.741800    36.186769   3.52
 -75.741792    36.186767   3.55
 -75.741784    36.186766   3.58
 -75.741774    36.186763   3.55
 -75.741764    36.186761   3.59
 -75.741753    36.186759   3.59
 -75.741743    36.186757   3.59
 -75.741734    36.186754   3.61
 -75.741724    36.186752   3.62
 -75.741714    36.186750   3.63
 -75.741706    36.186748   3.64
 -75.741699    36.186746   3.65
 -75.741690    36.186743   3.65
 -75.741680    36.186741   3.69
 -75.741670    36.186739   3.69
 -75.741660    36.186737   3.71
 -75.741650    36.186734   3.70
 -75.741641    36.186732   3.72
 -75.741631    36.186730   3.73
 -75.741623    36.186728   3.73
 -75.741614    36.186726   3.76
 -75.741605    36.186724   3.76
 -75.741595    36.186722   3.76
 -75.741586    36.186720   3.78
 -75.741575    36.186718   3.78
 -75.741565    36.186716   3.79
 -75.741556    36.186715   3.81
 -75.741546    36.186712   3.82
 -75.741518    36.186707   3.84
 -75.741509    36.186704   3.86
 -75.741500    36.186703   3.88
 -75.741491    36.186701   3.87
 -75.741481    36.186699   3.89
 -75.741472    36.186697   3.87
 -75.741463    36.186696   3.90
 -75.741453    36.186694   3.90
 -75.741444    36.186692   3.91
 -75.741434    36.186689   3.92
 -75.741425    36.186687   3.93
 -75.741416    36.186684   3.96
 -75.741408    36.186681   3.95
 -75.741399    36.186679   3.95
 -75.741390    36.186676   3.96
 -75.741381    36.186672   3.97
 -75.741372    36.186670   3.98
 -75.741362    36.186666   3.99
 -75.741352    36.186664   4.00
 -75.741343    36.186660   4.00
 -75.741334    36.186658   4.03
 -75.741325    36.186655   4.02
 -75.741317    36.186653   4.03
 -75.741308    36.186650   4.03
 -75.741299    36.186647   4.04
 -75.741290    36.186645   4.06
 -75.741280    36.186642   4.05
 -75.741270    36.186639   4.07
 -75.741261    36.186636   4.07
 -75.741251    36.186633   4.07
 -75.741241    36.186631   4.08
 -75.741234    36.186628   4.10
 -75.741225    36.186626   4.10
 -75.741217    36.186623   4.12
 -75.741208    36.186621   4.12
 -75.741198    36.186618   4.13
 -75.741188    36.186616   4.13
 -75.741178    36.186613   4.14
 -75.741168    36.186611   4.15
 -75.741158    36.186608   4.16
 -75.741150    36.186605   4.15
 -75.741124    36.186599   4.18
 -75.741115    36.186596   4.19
 -75.741106    36.186593   4.18
 -75.741096    36.186591   4.20
 -75.741087    36.186589   4.20
 -75.741077    36.186586   4.21
 -75.741067    36.186584   4.22
 -75.741058    36.186581   4.23
 -75.741049    36.186579   4.23
 -75.741040    36.186577   4.24
 -75.741031    36.186575   4.25
 -75.741022    36.186572   4.25
 -75.741014    36.186570   4.26
 -75.742530    36.186534   2.42
 -75.742520    36.186531   2.46
 -75.742510    36.186528   2.49
 -75.742500    36.186526   2.50
 -75.742491    36.186524   2.52
 -75.742482    36.186521   2.56
 -75.742472    36.186519   2.58
 -75.742462    36.186516   2.62
 -75.742453    36.186513   2.64
 -75.742443    36.186511   2.68
 -75.742433    36.186508   2.70
 -75.742423    36.186506   2.73
 -75.742414    36.186503   2.74
 -75.742405    36.186501   2.77
 -75.742395    36.186498   2.79
 -75.742386    36.186495   2.82
 -75.742376    36.186493   2.84
 -75.742366    36.186490   2.88
 -75.742356    36.186487   2.90
 -75.742346    36.186485   2.91
 -75.742337    36.186482   2.95
 -75.742327    36.186479   2.96
 -75.742318    36.186477   3.00
 -75.742307    36.186474   3.03
 -75.742298    36.186472   3.06
 -75.742288    36.186469   3.06
 -75.742279    36.186466   3.10
 -75.742270    36.186464   3.10
 -75.742261    36.186461   3.12
 -75.742252    36.186459   3.16
 -75.742243    36.186456   3.16
 -75.742233    36.186453   3.18
 -75.742224    36.186450   3.22
 -75.742214    36.186448   3.25
 -75.742204    36.186445   3.26
 -75.742194    36.186442   3.27
 -75.742184    36.186440   3.30
 -75.742175    36.186437   3.30
 -75.742165    36.186434   3.34
 -75.742138    36.186426   3.37
 -75.742129    36.186423   3.39
 -75.742119    36.186421   3.42
 -75.742110    36.186418   3.44
 -75.742100    36.186415   3.46
 -75.742091    36.186412   3.47
 -75.742081    36.186409   3.48
 -75.742071    36.186406   3.50
 -75.742062    36.186404   3.51
 -75.742053    36.186401   3.54
 -75.742044    36.186399   3.55
 -75.742035    36.186396   3.55
 -75.742025    36.186394   3.56
 -75.742016    36.186392   3.59
 -75.742007    36.186390   3.60
 -75.741998    36.186387   3.62
 -75.741987    36.186385   3.63
 -75.741977    36.186382   3.64
 -75.741967    36.186380   3.65
 -75.741957    36.186378   3.65
 -75.741947    36.186376   3.68
 -75.741937    36.186373   3.69
 -75.741928    36.186371   3.71
 -75.741919    36.186369   3.71
 -75.741910    36.186367   3.72
 -75.741901    36.186365   3.72
 -75.741892    36.186362   3.74
 -75.741882    36.186360   3.75
 -75.741873    36.186358   3.77
 -75.741864    36.186356   3.77
 -75.741854    36.186353   3.78
 -75.741843    36.186350   3.78
 -75.741833    36.186348   3.81
 -75.741823    36.186345   3.83
 -75.741813    36.186342   3.83
 -75.741805    36.186340   3.83
 -75.741796    36.186337   3.84
 -75.741786    36.186335   3.84
 -75.741777    36.186332   3.86
 -75.741768    36.186329   3.87
 -75.741731    36.186318   3.91
 -75.741721    36.186315   3.91
 -75.741711    36.186312   3.93
 -75.741701    36.186309   3.94
 -75.741692    36.186307   3.94
 -75.741682    36.186304   3.95
 -75.741673    36.186302   3.96
 -75.741664    36.186299   3.97
 -75.741655    36.186297   3.98
 -75.741645    36.186294   3.98
 -75.741636    36.186291   3.99
 -75.741627    36.186289   4.00
 -75.741617    36.186286   4.00
 -75.741608    36.186284   4.00
 -75.741599    36.186281   4.02
 -75.741588    36.186279   4.04
 -75.741578    36.186276   4.04
 -75.741568    36.186274   4.05
 -75.741558    36.186271   4.04
 -75.741549    36.186269   4.07
 -75.741540    36.186267   4.08
 -75.741530    36.186264   4.08
 -75.741520    36.186262   4.08
 -75.741511    36.186260   4.09
 -75.741502    36.186258   4.10
 -75.741493    36.186255   4.11
 -75.741484    36.186253   4.12
 -75.741475    36.186251   4.12
 -75.741465    36.186248   4.12
 -75.741455    36.186246   4.15
 -75.741446    36.186244   4.15
 -75.741437    36.186241   4.16
 -75.741427    36.186239   4.17
 -75.741418    36.186237   4.16
 -75.741410    36.186234   4.18
 -75.741401    36.186232   4.18
 -75.741392    36.186229   4.19
 -75.741383    36.186227   4.20
 -75.741374    36.186225   4.20
 -75.741365    36.186222   4.20
 -75.741329    36.186213   4.23
 -75.741321    36.186210   4.23
 -75.741312    36.186208   4.25
 -75.741303    36.186206   4.25
 -75.741295    36.186203   4.25
 -75.741286    36.186201   4.25
 -75.741277    36.186198   4.27
 -75.741267    36.186195   4.28
 -75.741258    36.186193   4.29
 -75.741248    36.186190   4.28
 -75.741239    36.186188   4.29
 -75.741231    36.186186   4.31
 -75.741222    36.186183   4.29
 -75.741213    36.186181   4.32
 -75.741205    36.186179   4.33
 -75.741196    36.186177   4.32
 -75.741188    36.186175   4.32
 -75.741179    36.186173   4.34
 -75.741168    36.186170   4.36
 -75.741158    36.186168   4.35
 -75.741149    36.186165   4.36
 -75.741140    36.186164   4.37
 -75.741131    36.186162   4.37
 -75.741122    36.186160   4.38
 -75.741114    36.186157   4.38
 -75.741106    36.186155   4.38
 -75.741097    36.186153   4.40
 -75.741089    36.186151   4.41
 -75.741080    36.186148   4.40
 -75.741071    36.186146   4.42
 -75.741061    36.186143   4.42
 -75.741052    36.186140   4.43
 -75.741043    36.186137   4.44
 -75.741034    36.186133   4.46
 -75.741025    36.186130   4.45
 -75.741016    36.186128   4.44
 -75.741007    36.186126   4.46
 -75.740999    36.186123   4.46
 -75.740991    36.186120   4.47
 -75.740982    36.186117   4.48
 -75.740959    36.186108   4.50
 -75.740939    36.186102   4.51
 -75.740937    36.186100   4.49
 -75.740930    36.186098   4.52
 -75.740920    36.186094   4.53
 -75.742692    36.186137   2.17
 -75.742683    36.186135   2.17
 -75.742675    36.186132   2.15
 -75.742667    36.186129   2.15
 -75.742658    36.186126   2.16
 -75.742649    36.186123   2.16
 -75.742640    36.186120   2.16
 -75.742631    36.186117   2.17
 -75.742622    36.186114   2.17
 -75.742612    36.186112   2.19
 -75.742603    36.186108   2.20
 -75.742594    36.186106   2.22
 -75.742584    36.186103   2.23
 -75.742575    36.186101   2.27
 -75.742570    36.186099   2.27
 -75.742560    36.186096   2.30
 -75.742550    36.186094   2.33
 -75.742540    36.186092   2.37
 -75.742531    36.186089   2.40
 -75.742522    36.186086   2.43
 -75.742513    36.186084   2.46
 -75.742504    36.186082   2.50
 -75.742494    36.186080   2.53
 -75.742486    36.186078   2.55
 -75.742476    36.186076   2.59
 -75.742467    36.186073   2.63
 -75.742457    36.186071   2.66
 -75.742447    36.186069   2.71
 -75.742406    36.186059   2.84
 -75.742397    36.186057   2.87
 -75.742388    36.186054   2.90
 -75.742379    36.186052   2.94
 -75.742369    36.186050   2.95
 -75.742360    36.186048   2.99
 -75.742352    36.186046   3.02
 -75.742343    36.186044   3.05
 -75.742335    36.186041   3.06
 -75.742326    36.186039   3.09
 -75.742317    36.186037   3.12
 -75.742307    36.186034   3.16
 -75.742298    36.186033   3.19
 -75.742289    36.186030   3.20
 -75.742280    36.186028   3.23
 -75.742271    36.186026   3.26
 -75.742263    36.186023   3.27
 -75.742254    36.186021   3.31
 -75.742245    36.186019   3.33
 -75.742236    36.186017   3.34
 -75.742226    36.186014   3.38
 -75.742216    36.186011   3.41
 -75.742207    36.186009   3.42
 -75.742198    36.186007   3.45
 -75.742189    36.186005   3.46
 -75.742181    36.186002   3.48
 -75.742172    36.186000   3.50
 -75.742164    36.185998   3.53
 -75.742156    36.185996   3.53
 -75.742148    36.185994   3.57
 -75.742140    36.185991   3.59
 -75.742132    36.185989   3.59
 -75.742122    36.185987   3.61
 -75.742112    36.185984   3.63
 -75.742102    36.185981   3.65
 -75.742093    36.185979   3.67
 -75.742084    36.185976   3.69
 -75.742076    36.185974   3.71
 -75.742068    36.185972   3.72
 -75.742060    36.185970   3.74
 -75.742035    36.185963   3.77
 -75.742026    36.185961   3.77
 -75.742016    36.185958   3.79
 -75.742007    36.185956   3.80
 -75.741997    36.185953   3.82
 -75.741988    36.185951   3.83
 -75.741980    36.185948   3.84
 -75.741971    36.185946   3.85
 -75.741963    36.185944   3.85
 -75.741954    36.185941   3.87
 -75.741946    36.185939   3.88
 -75.741937    36.185936   3.88
 -75.741927    36.185933   3.90
 -75.741917    36.185931   3.90
 -75.741907    36.185928   3.91
 -75.741899    36.185926   3.93
 -75.741891    36.185923   3.94
 -75.741882    36.185921   3.95
 -75.741874    36.185919   3.95
 -75.741866    36.185916   3.96
 -75.741858    36.185914   3.96
 -75.741849    36.185911   3.96
 -75.741840    36.185909   3.98
 -75.741830    36.185906   3.99
 -75.741820    36.185903   4.00
 -75.741811    36.185901   4.01
 -75.741802    36.185899   4.01
 -75.741794    36.185896   4.02
 -75.741785    36.185894   4.03
 -75.741776    36.185892   4.03
 -75.741767    36.185889   4.03
 -75.741759    36.185887   4.04
 -75.741750    36.185885   4.05
 -75.741741    36.185883   4.05
 -75.741732    36.185881   4.06
 -75.741722    36.185878   4.08
 -75.741712    36.185876   4.08
 -75.741703    36.185874   4.08
 -75.741694    36.185872   4.09
 -75.741685    36.185869   4.09
 -75.741676    36.185867   4.10
 -75.741651    36.185861   4.12
 -75.741642    36.185859   4.14
 -75.741633    36.185857   4.15
 -75.741624    36.185854   4.15
 -75.741615    36.185852   4.16
 -75.741606    36.185850   4.16
 -75.741596    36.185847   4.17
 -75.741587    36.185845   4.17
 -75.741578    36.185842   4.19
 -75.741568    36.185840   4.19
 -75.741559    36.185837   4.20
 -75.741551    36.185835   4.21
 -75.741542    36.185832   4.21
 -75.741534    36.185830   4.22
 -75.741526    36.185827   4.23
 -75.741516    36.185825   4.23
 -75.741507    36.185823   4.24
 -75.741498    36.185820   4.25
 -75.741488    36.185817   4.27
 -75.741479    36.185814   4.28
 -75.741470    36.185812   4.28
 -75.741461    36.185810   4.28
 -75.741453    36.185808   4.29
 -75.741445    36.185805   4.30
 -75.741437    36.185802   4.30
 -75.741428    36.185800   4.30
 -75.741418    36.185797   4.31
 -75.741409    36.185795   4.32
 -75.741400    36.185792   4.32
 -75.741391    36.185790   4.33
 -75.741380    36.185787   4.34
 -75.741371    36.185785   4.35
 -75.741362    36.185782   4.36
 -75.741354    36.185780   4.36
 -75.741345    36.185778   4.36
 -75.741336    36.185776   4.37
 -75.741328    36.185773   4.38
 -75.741319    36.185771   4.38
 -75.741310    36.185769   4.38
 -75.741301    36.185767   4.39
 -75.741292    36.185764   4.40
 -75.741263    36.185758   4.42
 -75.741254    36.185756   4.42
 -75.741244    36.185754   4.43
 -75.741234    36.185752   4.43
 -75.741226    36.185750   4.44
 -75.741217    36.185748   4.44
 -75.741209    36.185746   4.44
 -75.741200    36.185745   4.44
 -75.741191    36.185743   4.45
 -75.741181    36.185742   4.46
 -75.741172    36.185740   4.47
 -75.741162    36.185739   4.47
 -75.741152    36.185737   4.47
 -75.741142    36.185735   4.48
 -75.741132    36.185733   4.49
 -75.741124    36.185731   4.50
 -75.741115    36.185729   4.50
 -75.741107    36.185727   4.51
 -75.741098    36.185725   4.50
 -75.741089    36.185722   4.53
 -75.741080    36.185719   4.53
 -75.741071    36.185717   4.54
 -75.741062    36.185713   4.55
 -75.741053    36.185711   4.56
 -75.741045    36.185707   4.56
 -75.741036    36.185704   4.57
 -75.741027    36.185701   4.57
 -75.741017    36.185698   4.59
 -75.741009    36.185695   4.58
 -75.741000    36.185692   4.59
 -75.740991    36.185690   4.59
 -75.740983    36.185687   4.61
 -75.740973    36.185684   4.61
 -75.740964    36.185681   4.62
 -75.740955    36.185678   4.62
 -75.740946    36.185676   4.63
 -75.740937    36.185673   4.64
 -75.740928    36.185670   4.65
 -75.740919    36.185668   4.65
 -75.740910    36.185665   4.65
 -75.740874    36.185654   4.68
 -75.740865    36.185652   4.69
 -75.740856    36.185650   4.70
 -75.740847    36.185647   4.70
 -75.740837    36.185645   4.71
 -75.740827    36.185642   4.71
 -75.740817    36.185639   4.73
 -75.740807    36.185637   4.73
 -75.740798    36.185634   4.73
 -75.740788    36.185632   4.73
 -75.740783    36.185631   4.75
 -75.740777    36.185629   4.75
 -75.740773    36.185628   4.75
 -75.740769    36.185628   4.75
 -75.740767    36.185627   4.75
 -75.740764    36.185626   4.75
 -75.740761    36.185625   4.74
 -75.742771    36.185937   2.64
 -75.742763    36.185935   2.60
 -75.742739    36.185929   2.56
 -75.742730    36.185927   2.54
 -75.742722    36.185926   2.52
 -75.742713    36.185923   2.50
 -75.742705    36.185922   2.48
 -75.742696    36.185920   2.46
 -75.742688    36.185918   2.44
 -75.742680    36.185916   2.43
 -75.742672    36.185914   2.41
 -75.742663    36.185912   2.40
 -75.742654    36.185909   2.38
 -75.742644    36.185907   2.38
 -75.742635    36.185904   2.36
 -75.742627    36.185902   2.36
 -75.742618    36.185900   2.35
 -75.742611    36.185898   2.35
 -75.742603    36.185896   2.35
 -75.742595    36.185894   2.36
 -75.742585    36.185891   2.35
 -75.742575    36.185889   2.37
 -75.742565    36.185886   2.37
 -75.742555    36.185884   2.40
 -75.742545    36.185881   2.41
 -75.742540    36.185880   2.42
 -75.742532    36.185877   2.45
 -75.742523    36.185875   2.47
 -75.742514    36.185873   2.50
 -75.742506    36.185871   2.52
 -75.742497    36.185868   2.56
 -75.742488    36.185866   2.59
 -75.742478    36.185864   2.63
 -75.742469    36.185861   2.67
 -75.742460    36.185859   2.68
 -75.742450    36.185856   2.72
 -75.742441    36.185854   2.76
 -75.742434    36.185852   2.79
 -75.742425    36.185850   2.83
 -75.742416    36.185847   2.86
 -75.742406    36.185844   2.89
 -75.742392    36.185840   2.94
 -75.742355    36.185830   3.07
 -75.742347    36.185829   3.10
 -75.742338    36.185827   3.12
 -75.742330    36.185824   3.15
 -75.742320    36.185822   3.19
 -75.742310    36.185820   3.21
 -75.742301    36.185818   3.23
 -75.742292    36.185816   3.26
 -75.742283    36.185814   3.30
 -75.742274    36.185812   3.32
 -75.742265    36.185809   3.34
 -75.742256    36.185808   3.38
 -75.742247    36.185806   3.40
 -75.742238    36.185803   3.44
 -75.742229    36.185800   3.47
 -75.742220    36.185797   3.48
 -75.742211    36.185795   3.50
 -75.742202    36.185793   3.52
 -75.742195    36.185790   3.55
 -75.742186    36.185788   3.57
 -75.742177    36.185786   3.61
 -75.742168    36.185784   3.62
 -75.742158    36.185781   3.64
 -75.742149    36.185778   3.67
 -75.742140    36.185776   3.69
 -75.742131    36.185774   3.70
 -75.742122    36.185772   3.73
 -75.742113    36.185770   3.74
 -75.742105    36.185768   3.76
 -75.742096    36.185766   3.78
 -75.742087    36.185764   3.79
 -75.742078    36.185763   3.81
 -75.742070    36.185761   3.84
 -75.742061    36.185759   3.84
 -75.742052    36.185756   3.87
 -75.742043    36.185754   3.86
 -75.742033    36.185752   3.89
 -75.742025    36.185749   3.90
 -75.742016    36.185747   3.91
 -75.742007    36.185744   3.93
 -75.741981    36.185737   3.96
 -75.741972    36.185733   3.98
 -75.741963    36.185730   3.98
 -75.741955    36.185727   4.00
 -75.741948    36.185724   4.01
 -75.741943    36.185722   4.01
 -75.741938    36.185720   4.03
 -75.741933    36.185718   4.03
 -75.741928    36.185716   4.03
 -75.741922    36.185713   4.03
 -75.741916    36.185711   4.05
 -75.741911    36.185709   4.05
 -75.741906    36.185707   4.06
 -75.741901    36.185705   4.06
 -75.741896    36.185702   4.07
 -75.741890    36.185699   4.08
 -75.741884    36.185696   4.08
 -75.741877    36.185693   4.09
 -75.741870    36.185690   4.10
 -75.741864    36.185687   4.10
 -75.741857    36.185684   4.11
 -75.741851    36.185681   4.12
 -75.741844    36.185677   4.13
 -75.741836    36.185673   4.12
 -75.741827    36.185669   4.13
 -75.741819    36.185665   4.13
 -75.741811    36.185660   4.14
 -75.741803    36.185657   4.14
 -75.741795    36.185653   4.16
 -75.741786    36.185649   4.15
 -75.741778    36.185645   4.18
 -75.741770    36.185641   4.20
 -75.741762    36.185638   4.19
 -75.741754    36.185634   4.19
 -75.741746    36.185630   4.21
 -75.741738    36.185628   4.21
 -75.741729    36.185625   4.22
 -75.741720    36.185622   4.22
 -75.741711    36.185620   4.23
 -75.741703    36.185618   4.23
 -75.741695    36.185617   4.24
 -75.741668    36.185612   4.27
 -75.741658    36.185610   4.26
 -75.741649    36.185608   4.28
 -75.741640    36.185605   4.29
 -75.741631    36.185603   4.29
 -75.741623    36.185601   4.30
 -75.741615    36.185599   4.30
 -75.741607    36.185596   4.31
 -75.741598    36.185593   4.33
 -75.741589    36.185591   4.33
 -75.742848    36.185755   2.53
 -75.742839    36.185753   2.54
 -75.742830    36.185751   2.52
 -75.742821    36.185748   2.52
 -75.742812    36.185746   2.50
 -75.742804    36.185744   2.49
 -75.742795    36.185742   2.46
 -75.742788    36.185739   2.43
 -75.742780    36.185737   2.42
 -75.742772    36.185735   2.40
 -75.742764    36.185732   2.37
 -75.742739    36.185726   2.32
 -75.742731    36.185723   2.31
 -75.742722    36.185721   2.31
 -75.742714    36.185719   2.29
 -75.742706    36.185716   2.29
 -75.742697    36.185714   2.29
 -75.742688    36.185711   2.30
 -75.742679    36.185708   2.30
 -75.742671    36.185706   2.32
 -75.742662    36.185703   2.32
 -75.742652    36.185701   2.34
 -75.742643    36.185699   2.36
 -75.742634    36.185697   2.36
 -75.742625    36.185695   2.39
 -75.742617    36.185693   2.42
 -75.742613    36.185692   2.42
 -75.742605    36.185690   2.46
 -75.742596    36.185688   2.48
 -75.742587    36.185686   2.50
 -75.742578    36.185684   2.52
 -75.742569    36.185682   2.55
 -75.742560    36.185679   2.59
 -75.742551    36.185677   2.62
 -75.742543    36.185675   2.64
 -75.742534    36.185672   2.68
 -75.742527    36.185671   2.70
 -75.742520    36.185668   2.74
 -75.742512    36.185666   2.77
 -75.742503    36.185664   2.79
 -75.742490    36.185660   2.82
 -75.742482    36.185658   2.86
 -75.742473    36.185656   2.89
 -75.742465    36.185654   2.91
 -75.742456    36.185651   2.94
 -75.742448    36.185649   2.97
 -75.742440    36.185647   2.99
 -75.742432    36.185645   3.02
 -75.742424    36.185642   3.05
 -75.742416    36.185640   3.08
 -75.742408    36.185638   3.11
 -75.742383    36.185631   3.17
 -75.742375    36.185630   3.20
 -75.742365    36.185628   3.23
 -75.742358    36.185626   3.26
 -75.742350    36.185624   3.27
 -75.742342    36.185622   3.30
 -75.742335    36.185620   3.31
 -75.742327    36.185618   3.34
 -75.742318    36.185616   3.37
 -75.742310    36.185614   3.38
 -75.742301    36.185611   3.41
 -75.742292    36.185609   3.44
 -75.742284    36.185607   3.45
 -75.742275    36.185604   3.47
 -75.742268    36.185602   3.50
 -75.742260    36.185599   3.52
 -75.742253    36.185597   3.53
 -75.742246    36.185595   3.55
 -75.742239    36.185592   3.56
 -75.742231    36.185590   3.59
 -75.742224    36.185587   3.62
 -75.742216    36.185585   3.63
 -75.742207    36.185582   3.64
 -75.742198    36.185579   3.66
 -75.742190    36.185577   3.67
 -75.742182    36.185574   3.70
 -75.742174    36.185572   3.71
 -75.742167    36.185569   3.72
 -75.742159    36.185567   3.74
 -75.742152    36.185564   3.75
 -75.742144    36.185562   3.78
 -75.742136    36.185560   3.79
 -75.742128    36.185557   3.80
 -75.742121    36.185555   3.81
 -75.742112    36.185552   3.82
 -75.742104    36.185550   3.85
 -75.742095    36.185547   3.85
 -75.742087    36.185545   3.87
 -75.742079    36.185543   3.88
 -75.742071    36.185540   3.89
 -75.742062    36.185538   3.89
 -75.742039    36.185531   3.92
 -75.742031    36.185529   3.94
 -75.742023    36.185527   3.94
 -75.742014    36.185525   3.96
 -75.742006    36.185523   3.96
 -75.741998    36.185521   3.97
 -75.741991    36.185519   3.98
 -75.741982    36.185517   3.99
 -75.741974    36.185515   4.01
 -75.741966    36.185513   4.01
 -75.741955    36.185510   4.01
 -75.741948    36.185509   4.03
 -75.741939    36.185506   4.04
 -75.741930    36.185504   4.03
 -75.741923    36.185503   4.04
 -75.741916    36.185501   4.05
 -75.741907    36.185498   4.06
 -75.741898    36.185496   4.06
 -75.741894    36.185495   4.08
 -75.741882    36.185491   4.07
 -75.741875    36.185489   4.09
 -75.741867    36.185487   4.09
 -75.741857    36.185483   4.09
 -75.741850    36.185481   4.11
 -75.741842    36.185478   4.12
 -75.741834    36.185475   4.12
 -75.741826    36.185473   4.13
 -75.741819    36.185470   4.14
 -75.741811    36.185467   4.14
 -75.741804    36.185465   4.15
 -75.741796    36.185462   4.16
 -75.741787    36.185460   4.16
 -75.741780    36.185457   4.17
 -75.741771    36.185455   4.16
 -75.741762    36.185452   4.18
 -75.741754    36.185450   4.17
 -75.741745    36.185448   4.20
 -75.741737    36.185445   4.20
 -75.741729    36.185443   4.20
 -75.741722    36.185442   4.21
 -75.741714    36.185440   4.22
 -75.741690    36.185434   4.23
 -75.741682    36.185432   4.24
 -75.741673    36.185430   4.24
 -75.741664    36.185429   4.25
 -75.741654    36.185427   4.26
 -75.741644    36.185424   4.27
 -75.741635    36.185422   4.27
 -75.741625    36.185420   4.27
 -75.741618    36.185419   4.27
 -75.741613    36.185417   4.28
 -75.741608    36.185417   4.28
 -75.741604    36.185415   4.30
 -75.741600    36.185414   4.29
 -75.741595    36.185414   4.30
 -75.741590    36.185413   4.30
 -75.741586    36.185412   4.30
 -75.741581    36.185411   4.30
 -75.741577    36.185410   4.31
 -75.741572    36.185409   4.32
 -75.741568    36.185408   4.32
 -75.741563    36.185407   4.33
 -75.741558    36.185406   4.33
 -75.741554    36.185404   4.32
 -75.741550    36.185404   4.31
 -75.741546    36.185403   4.33
 -75.741543    36.185402   4.34
 -75.741539    36.185401   4.35
 -75.741536    36.185401   4.35
 -75.741532    36.185400   4.36
 -75.741529    36.185399   4.36
 -75.741527    36.185399   4.35
 -75.741465    36.185386   4.40
 -75.741456    36.185384   4.41
 -75.741448    36.185382   4.41
 -75.741438    36.185381   4.41
 -75.741394    36.185436   4.42
 -75.741385    36.185435   4.43
 -75.741375    36.185434   4.43
 -75.741366    36.185433   4.43
 -75.742936    36.185534   2.77
 -75.742930    36.185533   2.75
 -75.742924    36.185531   2.74
 -75.742918    36.185530   2.73
 -75.742912    36.185528   2.71
 -75.742907    36.185527   2.71
 -75.742901    36.185526   2.70
 -75.742895    36.185524   2.71
 -75.742888    36.185523   2.67
 -75.742882    36.185521   2.66
 -75.742875    36.185520   2.65
 -75.742868    36.185518   2.63
 -75.742861    36.185516   2.58
 -75.742854    36.185515   2.57
 -75.742846    36.185513   2.56
 -75.742825    36.185508   2.48
 -75.742818    36.185506   2.45
 -75.742812    36.185504   2.44
 -75.742804    36.185502   2.42
 -75.742797    36.185500   2.40
 -75.742788    36.185498   2.38
 -75.742778    36.185496   2.36
 -75.742769    36.185494   2.35
 -75.742760    36.185492   2.33
 -75.742751    36.185490   2.32
 -75.742742    36.185488   2.32
 -75.742734    36.185486   2.32
 -75.742725    36.185484   2.31
 -75.742715    36.185482   2.31
 -75.742706    36.185481   2.31
 -75.742698    36.185479   2.32
 -75.742689    36.185477   2.33
 -75.742680    36.185475   2.33
 -75.742672    36.185473   2.33
 -75.742662    36.185472   2.36
 -75.742654    36.185470   2.36
 -75.742645    36.185468   2.39
 -75.742637    36.185467   2.40
 -75.742628    36.185465   2.42
 -75.742618    36.185463   2.44
 -75.742609    36.185462   2.46
 -75.742601    36.185460   2.49
 -75.742593    36.185459   2.53
 -75.742586    36.185458   2.54
 -75.742582    36.185457   2.55
 -75.742573    36.185455   2.59
 -75.742564    36.185454   2.62
 -75.742550    36.185450   2.66
 -75.742541    36.185448   2.68
 -75.742533    36.185446   2.71
 -75.742525    36.185444   2.73
 -75.742518    36.185442   2.75
 -75.742510    36.185440   2.78
 -75.742502    36.185437   2.82
 -75.742494    36.185434   2.83
 -75.742468    36.185427   2.93
 -75.742461    36.185424   2.95
 -75.742453    36.185421   2.97
 -75.742445    36.185419   3.00
 -75.742437    36.185416   3.02
 -75.742428    36.185413   3.05
 -75.742420    36.185411   3.08
 -75.742413    36.185408   3.11
 -75.742405    36.185405   3.13
 -75.742397    36.185403   3.15
 -75.742389    36.185400   3.17
 -75.742381    36.185397   3.21
 -75.742373    36.185394   3.24
 -75.742365    36.185390   3.25
 -75.742357    36.185387   3.27
 -75.742348    36.185384   3.28
 -75.742341    36.185381   3.32
 -75.742334    36.185378   3.34
 -75.742326    36.185375   3.36
 -75.742320    36.185372   3.39
 -75.742313    36.185369   3.40
 -75.742304    36.185365   3.42
 -75.742296    36.185362   3.44
 -75.742288    36.185358   3.46
 -75.742279    36.185356   3.48
 -75.742271    36.185353   3.50
 -75.742263    36.185351   3.53
 -75.742255    36.185349   3.55
 -75.742248    36.185347   3.56
 -75.742242    36.185346   3.57
 -75.742235    36.185344   3.60
 -75.742225    36.185341   3.61
 -75.742216    36.185339   3.62
 -75.742206    36.185336   3.65
 -75.742197    36.185334   3.68
 -75.742188    36.185332   3.69
 -75.742180    36.185330   3.70
 -75.742172    36.185328   3.71
 -75.742164    36.185326   3.73
 -75.742157    36.185324   3.75
 -75.742149    36.185322   3.76
 -75.742123    36.185315   3.80
 -75.742114    36.185313   3.82
 -75.742105    36.185310   3.84
 -75.742096    36.185308   3.85
 -75.742088    36.185306   3.86
 -75.742080    36.185304   3.88
 -75.742072    36.185302   3.88
 -75.742065    36.185300   3.91
 -75.742057    36.185298   3.92
 -75.742048    36.185295   3.94
 -75.742038    36.185293   3.93
 -75.742029    36.185291   3.95
 -75.742021    36.185288   3.96
 -75.742012    36.185286   3.96
 -75.742004    36.185284   3.97
 -75.741996    36.185282   3.98
 -75.741988    36.185280   4.00
 -75.741980    36.185278   4.00
 -75.741972    36.185276   4.01
 -75.741963    36.185273   4.02
 -75.741954    36.185271   4.03
 -75.741945    36.185269   4.03
 -75.741936    36.185267   4.04
 -75.741928    36.185265   4.06
 -75.741920    36.185262   4.06
 -75.741912    36.185261   4.07
 -75.741904    36.185258   4.08
 -75.741896    36.185256   4.08
 -75.741887    36.185254   4.09
 -75.741878    36.185252   4.10
 -75.741869    36.185249   4.11
 -75.741860    36.185247   4.12
 -75.741852    36.185245   4.12
 -75.741844    36.185243   4.13
 -75.741836    36.185241   4.14
 -75.741827    36.185240   4.14
 -75.741818    36.185238   4.14
 -75.741810    36.185236   4.16
 -75.741800    36.185234   4.16
 -75.741792    36.185233   4.16
 -75.741784    36.185231   4.17
 -75.741758    36.185227   4.19
 -75.741748    36.185226   4.20
 -75.741739    36.185225   4.21
 -75.741730    36.185224   4.21
 -75.741721    36.185223   4.21
 -75.741712    36.185222   4.23
 -75.741704    36.185222   4.24
 -75.741696    36.185221   4.23
 -75.741687    36.185220   4.25
 -75.741678    36.185219   4.26
 -75.741669    36.185219   4.26
 -75.741659    36.185218   4.27
 -75.741650    36.185217   4.27
 -75.741642    36.185217   4.29
 -75.741632    36.185216   4.29
 -75.741624    36.185214   4.30
 -75.741615    36.185213   4.31
 -75.741606    36.185212   4.32
 -75.741598    36.185210   4.31
 -75.741589    36.185208   4.32
 -75.741581    36.185207   4.32
 -75.741572    36.185205   4.33
 -75.741564    36.185204   4.33
 -75.741555    36.185201   4.34
 -75.741547    36.185200   4.34
 -75.741538    36.185197   4.35
 -75.741529    36.185195   4.36
 -75.741521    36.185193   4.37
 -75.741512    36.185191   4.37
 -75.741503    36.185189   4.37
 -75.741495    36.185187   4.39
 -75.741485    36.185185   4.39
 -75.741476    36.185183   4.39
 -75.741467    36.185181   4.41
 -75.741459    36.185179   4.41
 -75.741451    36.185177   4.40
 -75.741442    36.185175   4.43
 -75.741432    36.185173   4.44
 -75.741423    36.185171   4.42
 -75.741413    36.185168   4.44
 -75.741386    36.185163   4.45
 -75.741378    36.185161   4.47
 -75.743001    36.185355   2.83
 -75.742993    36.185352   2.79
 -75.742984    36.185350   2.74
 -75.742975    36.185347   2.72
 -75.742966    36.185345   2.67
 -75.742962    36.185344   2.63
 -75.742952    36.185342   2.60
 -75.742942    36.185340   2.57
 -75.742933    36.185338   2.53
 -75.742924    36.185336   2.51
 -75.742914    36.185334   2.46
 -75.742904    36.185332   2.44
 -75.742895    36.185330   2.41
 -75.742886    36.185328   2.40
 -75.742877    36.185326   2.37
 -75.742867    36.185324   2.35
 -75.742857    36.185322   2.34
 -75.742847    36.185320   2.33
 -75.742837    36.185317   2.32
 -75.742827    36.185315   2.33
 -75.742816    36.185313   2.32
 -75.742805    36.185310   2.33
 -75.742796    36.185308   2.33
 -75.742787    36.185305   2.36
 -75.742777    36.185303   2.37
 -75.742740    36.185293   2.44
 -75.742730    36.185291   2.46
 -75.742720    36.185288   2.48
 -75.742710    36.185285   2.51
 -75.742699    36.185283   2.54
 -75.742691    36.185280   2.57
 -75.742681    36.185278   2.57
 -75.742672    36.185275   2.62
 -75.742663    36.185273   2.65
 -75.742654    36.185270   2.66
 -75.742645    36.185268   2.68
 -75.742635    36.185265   2.71
 -75.742626    36.185262   2.74
 -75.742617    36.185260   2.78
 -75.742607    36.185257   2.81
 -75.742598    36.185254   2.84
 -75.742589    36.185252   2.86
 -75.742580    36.185249   2.89
 -75.742572    36.185247   2.90
 -75.742563    36.185245   2.93
 -75.742554    36.185242   2.97
 -75.742544    36.185240   3.00
 -75.742534    36.185237   3.02
 -75.742525    36.185235   3.05
 -75.742516    36.185232   3.09
 -75.742507    36.185230   3.11
 -75.742498    36.185228   3.13
 -75.742488    36.185225   3.17
 -75.742479    36.185223   3.19
 -75.742470    36.185221   3.21
 -75.742461    36.185218   3.24
 -75.742452    36.185216   3.25
 -75.742443    36.185214   3.28
 -75.742434    36.185212   3.30
 -75.742426    36.185209   3.34
 -75.742417    36.185207   3.36
 -75.742408    36.185204   3.38
 -75.742399    36.185201   3.40
 -75.742390    36.185199   3.42
 -75.742380    36.185196   3.44
 -75.742352    36.185188   3.51
 -75.742343    36.185185   3.53
 -75.742335    36.185183   3.56
 -75.742327    36.185180   3.58
 -75.742319    36.185178   3.60
 -75.742311    36.185175   3.63
 -75.742303    36.185173   3.63
 -75.742294    36.185171   3.65
 -75.742286    36.185168   3.68
 -75.742276    36.185166   3.71
 -75.742266    36.185163   3.71
 -75.742256    36.185161   3.72
 -75.742247    36.185159   3.75
 -75.742238    36.185156   3.77
 -75.742229    36.185154   3.77
 -75.742220    36.185152   3.81
 -75.742211    36.185150   3.82
 -75.742203    36.185148   3.83
 -75.742194    36.185146   3.87
 -75.742185    36.185144   3.87
 -75.742176    36.185142   3.87
 -75.742166    36.185140   3.89
 -75.742157    36.185137   3.90
 -75.742147    36.185136   3.90
 -75.742137    36.185134   3.92
 -75.742128    36.185131   3.95
 -75.742119    36.185129   3.95
 -75.742111    36.185127   3.98
 -75.742101    36.185125   3.98
 -75.742093    36.185123   3.99
 -75.742084    36.185120   4.00
 -75.742075    36.185118   4.00
 -75.742065    36.185115   4.01
 -75.742057    36.185113   4.03
 -75.742047    36.185110   4.03
 -75.742038    36.185107   4.04
 -75.742029    36.185104   4.04
 -75.742020    36.185101   4.07
 -75.742010    36.185098   4.08
 -75.742001    36.185096   4.09
 -75.741993    36.185093   4.10
 -75.741967    36.185086   4.12
 -75.741958    36.185083   4.13
 -75.741949    36.185081   4.13
 -75.741940    36.185078   4.14
 -75.741931    36.185076   4.15
 -75.741922    36.185074   4.16
 -75.741913    36.185071   4.16
 -75.741903    36.185069   4.16
 -75.741893    36.185067   4.18
 -75.741884    36.185064   4.18
 -75.741875    36.185062   4.20
 -75.741866    36.185059   4.20
 -75.741857    36.185057   4.21
 -75.741848    36.185054   4.22
 -75.741839    36.185052   4.23
 -75.741830    36.185049   4.23
 -75.741821    36.185047   4.25
 -75.741812    36.185045   4.25
 -75.741803    36.185042   4.26
 -75.741794    36.185040   4.25
 -75.741784    36.185038   4.25
 -75.741775    36.185034   4.29
 -75.741765    36.185032   4.29
 -75.741756    36.185029   4.30
 -75.741747    36.185027   4.29
 -75.741739    36.185024   4.31
 -75.741730    36.185022   4.33
 -75.741721    36.185019   4.33
 -75.741712    36.185017   4.34
 -75.741703    36.185014   4.34
 -75.741694    36.185012   4.35
 -75.741685    36.185009   4.36
 -75.741676    36.185007   4.34
 -75.741666    36.185004   4.37
 -75.741658    36.185002   4.37
 -75.741649    36.184999   4.37
 -75.741640    36.184997   4.37
 -75.741631    36.184994   4.39
 -75.741622    36.184992   4.38
 -75.741613    36.184990   4.39
 -75.741586    36.184983   4.41
 -75.741577    36.184981   4.42
 -75.741567    36.184979   4.43
 -75.741558    36.184976   4.43
 -75.741549    36.184974   4.45
 -75.741539    36.184972   4.45
 -75.741531    36.184970   4.46
 -75.741522    36.184967   4.45
 -75.741513    36.184966   4.47
 -75.741504    36.184964   4.48
 -75.741495    36.184962   4.47
 -75.741486    36.184960   4.48
 -75.741476    36.184958   4.48
 -75.741467    36.184956   4.50
 -75.741458    36.184953   4.51
 -75.741449    36.184951   4.51
 -75.741440    36.184949   4.52
 -75.741431    36.184947   4.53
 -75.741422    36.184945   4.54
 -75.741412    36.184943   4.52
 -75.741403    36.184940   4.55
 -75.741394    36.184938   4.55
 -75.741386    36.184935   4.54
 -75.741377    36.184933   4.56
 -75.741369    36.184931   4.57
 -75.741360    36.184928   4.57
 -75.741351    36.184925   4.60
 -75.741343    36.184922   4.60
 -75.741334    36.184919   4.58
 -75.741324    36.184917   4.60
 -75.741315    36.184914   4.61
 -75.741307    36.184911   4.62
 -75.741298    36.184908   4.62
 -75.741289    36.184905   4.63
 -75.741280    36.184903   4.64
 -75.741271    36.184900   4.65
 -75.741262    36.184897   4.64
 -75.741253    36.184895   4.65
 -75.741245    36.184892   4.66
 -75.741236    36.184890   4.68
 -75.741227    36.184887   4.67
 -75.741200    36.184880   4.67
 -75.741191    36.184877   4.70
 -75.741181    36.184874   4.72
 -75.741172    36.184871   4.72
 -75.741164    36.184869   4.72
 -75.741155    36.184867   4.72
 -75.741146    36.184864   4.75
 -75.741137    36.184862   4.75
 -75.741129    36.184859   4.75
 -75.741119    36.184856   4.76
 -75.741110    36.184854   4.75
 -75.741101    36.184851   4.77
 -75.741091    36.184848   4.78
 -75.741082    36.184846   4.79
 -75.741073    36.184843   4.79
 -75.741065    36.184841   4.80
 -75.741056    36.184838   4.80
 -75.741047    36.184836   4.81
 -75.741039    36.184833   4.81
 -75.741030    36.184830   4.82
 -75.741022    36.184828   4.84
 -75.741012    36.184825   4.84
 -75.741003    36.184822   4.85
 -75.740994    36.184819   4.84
 -75.740985    36.184816   4.86
 -75.740977    36.184813   4.85
 -75.740969    36.184810   4.86
 -75.740961    36.184807   4.86
 -75.740953    36.184803   4.88
 -75.740946    36.184800   4.89
 -75.740938    36.184797   4.90
 -75.740930    36.184793   4.89
 -75.740922    36.184789   4.91
 -75.740914    36.184786   4.91
 -75.740906    36.184783   4.91
 -75.740898    36.184780   4.92
 -75.740890    36.184777   4.92
 -75.740883    36.184775   4.93
 -75.740876    36.184772   4.93
 -75.740868    36.184770   4.93
 -75.740843    36.184762   4.97
 -75.740836    36.184761   4.97
 -75.740830    36.184759   4.96
 -75.740825    36.184758   4.97
 -75.740818    36.184755   4.99
 -75.740813    36.184754   4.97
 -75.740807    36.184753   4.99
 -75.740802    36.184751   4.98
 -75.740798    36.184750   4.98
 -75.740795    36.184749   5.00
 -75.740791    36.184748   4.99
 -75.740788    36.184747   5.00
 -75.740786    36.184747   4.99
 -75.740783    36.184746   4.99
 -75.740780    36.184746   4.99
 -75.740777    36.184745   5.00
 -75.740774    36.184744   4.99
 -75.740771    36.184743   5.01
 -75.740767    36.184742   5.01
 -75.740764    36.184741   5.01
 -75.740760    36.184739   5.03
 -75.740757    36.184738   5.02
 -75.740754    36.184737   5.03
 -75.743083    36.185153   3.03
 -75.743075    36.185150   3.01
 -75.743071    36.185150   2.97
 -75.743057    36.185147   2.96
 -75.743031    36.185142   2.88
 -75.743023    36.185142   2.86
 -75.743016    36.185140   2.83
 -75.743006    36.185139   2.81
 -75.742998    36.185137   2.76
 -75.742994    36.185136   2.73
 -75.742984    36.185134   2.70
 -75.742975    36.185133   2.68
 -75.742966    36.185131   2.64
 -75.742958    36.185129   2.59
 -75.742952    36.185128   2.56
 -75.742946    36.185126   2.54
 -75.742938    36.185124   2.52
 -75.742929    36.185122   2.50
 -75.742918    36.185120   2.46
 -75.742908    36.185117   2.44
 -75.742898    36.185116   2.44
 -75.742888    36.185113   2.40
 -75.742879    36.185111   2.39
 -75.742871    36.185109   2.38
 -75.742862    36.185108   2.36
 -75.742853    36.185106   2.35
 -75.742844    36.185103   2.36
 -75.742834    36.185101   2.35
 -75.742824    36.185098   2.36
 -75.742815    36.185096   2.36
 -75.742805    36.185093   2.38
 -75.742795    36.185091   2.39
 -75.742786    36.185088   2.41
 -75.742777    36.185085   2.43
 -75.742769    36.185082   2.43
 -75.742761    36.185079   2.45
 -75.742752    36.185077   2.46
 -75.742743    36.185074   2.48
 -75.742733    36.185071   2.52
 -75.742724    36.185068   2.52
 -75.742715    36.185065   2.55
 -75.742705    36.185062   2.58
 -75.742696    36.185058   2.60
 -75.742688    36.185055   2.64
 -75.742661    36.185047   2.69
 -75.742653    36.185044   2.72
 -75.742644    36.185041   2.76
 -75.742635    36.185039   2.79
 -75.742626    36.185036   2.80
 -75.742616    36.185034   2.84
 -75.742607    36.185031   2.87
 -75.742598    36.185029   2.89
 -75.742589    36.185026   2.91
 -75.742580    36.185024   2.94
 -75.742572    36.185021   2.95
 -75.742562    36.185019   2.96
 -75.742554    36.185016   3.00
 -75.742545    36.185014   3.02
 -75.742535    36.185011   3.05
 -75.742526    36.185008   3.07
 -75.742517    36.185006   3.10
 -75.742508    36.185003   3.13
 -75.742499    36.185000   3.14
 -75.742490    36.184998   3.17
 -75.742481    36.184996   3.19
 -75.742473    36.184993   3.21
 -75.742464    36.184990   3.22
 -75.742455    36.184987   3.25
 -75.742446    36.184984   3.29
 -75.742437    36.184981   3.30
 -75.742428    36.184979   3.33
 -75.742419    36.184976   3.35
 -75.742410    36.184973   3.37
 -75.742401    36.184970   3.40
 -75.742393    36.184968   3.42
 -75.742384    36.184965   3.44
 -75.742376    36.184962   3.46
 -75.742367    36.184959   3.49
 -75.742358    36.184956   3.50
 -75.742349    36.184953   3.52
 -75.742340    36.184951   3.54
 -75.742331    36.184949   3.57
 -75.742322    36.184946   3.60
 -75.742312    36.184944   3.60
 -75.742304    36.184942   3.63
 -75.742283    36.184938   3.68
 -75.742280    36.184938   3.70
 -75.742276    36.184937   3.71
 -75.742273    36.184937   3.71
 -75.742270    36.184936   3.72
 -75.742266    36.184936   3.73
 -75.742264    36.184935   3.74
 -75.742260    36.184935   3.74
 -75.742257    36.184934   3.76
 -75.742254    36.184934   3.76
 -75.742250    36.184933   3.78
 -75.742247    36.184933   3.77
 -75.742244    36.184932   3.77
 -75.743162    36.184969   3.04
 -75.743152    36.184967   3.02
 -75.743144    36.184965   2.99
 -75.743134    36.184963   2.95
 -75.743125    36.184961   2.92
 -75.743116    36.184959   2.88
 -75.743107    36.184957   2.85
 -75.743098    36.184955   2.82
 -75.743094    36.184954   2.80
 -75.743085    36.184952   2.76
 -75.743077    36.184950   2.73
 -75.743069    36.184948   2.69
 -75.743060    36.184946   2.66
 -75.743051    36.184943   2.62
 -75.743042    36.184940   2.60
 -75.743032    36.184938   2.56
 -75.743022    36.184935   2.54
 -75.743013    36.184933   2.51
 -75.743004    36.184931   2.50
 -75.742994    36.184928   2.48
 -75.742985    36.184926   2.48
 -75.742976    36.184923   2.47
 -75.742968    36.184921   2.45
 -75.742958    36.184918   2.45
 -75.742930    36.184911   2.44
 -75.742920    36.184910   2.45
 -75.742910    36.184907   2.47
 -75.742900    36.184905   2.47
 -75.742890    36.184903   2.49
 -75.742881    36.184901   2.50
 -75.742871    36.184898   2.51
 -75.742862    36.184897   2.53
 -75.742853    36.184895   2.54
 -75.742843    36.184893   2.57
 -75.742834    36.184891   2.58
 -75.742826    36.184889   2.60
 -75.742816    36.184887   2.61
 -75.742807    36.184884   2.64
 -75.742798    36.184882   2.65
 -75.742789    36.184880   2.65
 -75.742780    36.184877   2.71
 -75.742770    36.184875   2.73
 -75.742761    36.184872   2.74
 -75.742753    36.184870   2.77
 -75.742744    36.184867   2.78
 -75.742736    36.184865   2.81
 -75.742728    36.184862   2.84
 -75.742719    36.184860   2.86
 -75.742711    36.184857   2.87
 -75.742702    36.184855   2.91
 -75.742693    36.184853   2.92
 -75.742684    36.184850   2.95
 -75.742674    36.184848   2.97
 -75.742664    36.184846   2.99
 -75.742656    36.184843   3.02
 -75.742647    36.184842   3.03
 -75.742639    36.184839   3.06
 -75.742631    36.184837   3.06
 -75.742622    36.184836   3.11
 -75.742614    36.184833   3.13
 -75.742605    36.184831   3.15
 -75.742597    36.184829   3.16
 -75.742587    36.184826   3.19
 -75.742578    36.184823   3.21
 -75.742544    36.184814   3.29
 -75.742535    36.184812   3.32
 -75.742526    36.184809   3.34
 -75.742518    36.184807   3.35
 -75.742508    36.184805   3.37
 -75.742499    36.184802   3.40
 -75.742490    36.184800   3.42
 -75.742481    36.184797   3.44
 -75.742473    36.184795   3.46
 -75.742466    36.184792   3.48
 -75.742457    36.184790   3.49
 -75.742439    36.184786   3.54
 -75.742430    36.184783   3.55
 -75.742420    36.184781   3.57
 -75.742411    36.184779   3.59
 -75.742403    36.184776   3.61
 -75.742394    36.184774   3.64
 -75.742385    36.184772   3.65
 -75.742377    36.184770   3.67
 -75.742369    36.184768   3.68
 -75.742360    36.184766   3.71
 -75.742351    36.184764   3.72
 -75.742342    36.184762   3.74
 -75.742333    36.184760   3.77
 -75.742325    36.184757   3.77
 -75.742316    36.184755   3.79
 -75.742307    36.184752   3.80
 -75.742298    36.184750   3.82
 -75.742289    36.184748   3.84
 -75.742281    36.184746   3.85
 -75.742272    36.184743   3.87
 -75.742263    36.184741   3.88
 -75.742254    36.184738   3.88
 -75.742246    36.184736   3.91
 -75.742237    36.184733   3.93
 -75.742229    36.184731   3.91
 -75.742220    36.184728   3.95
 -75.742212    36.184725   3.96
 -75.742204    36.184722   3.97
 -75.742179    36.184713   4.00
 -75.742171    36.184710   3.99
 -75.742163    36.184707   4.04
 -75.742154    36.184705   4.02
 -75.742146    36.184702   4.03
 -75.742136    36.184699   4.05
 -75.742127    36.184697   4.06
 -75.742119    36.184694   4.07
 -75.742110    36.184692   4.08
 -75.742102    36.184689   4.09
 -75.742094    36.184687   4.09
 -75.742085    36.184685   4.10
 -75.742077    36.184682   4.12
 -75.742068    36.184680   4.12
 -75.742059    36.184677   4.13
 -75.742050    36.184675   4.14
 -75.742040    36.184672   4.16
 -75.742031    36.184670   4.16
 -75.742023    36.184667   4.15
 -75.742015    36.184665   4.17
 -75.742006    36.184662   4.18
 -75.741998    36.184659   4.21
 -75.741989    36.184657   4.20
 -75.741981    36.184654   4.20
 -75.741973    36.184652   4.21
 -75.741965    36.184650   4.22
 -75.741957    36.184647   4.24
 -75.741948    36.184645   4.24
 -75.741938    36.184643   4.24
 -75.741928    36.184640   4.25
 -75.741919    36.184638   4.26
 -75.741910    36.184636   4.27
 -75.741901    36.184634   4.28
 -75.741893    36.184632   4.29
 -75.741884    36.184630   4.28
 -75.741876    36.184628   4.29
 -75.741867    36.184626   4.31
 -75.741858    36.184624   4.32
 -75.741850    36.184622   4.31
 -75.741842    36.184620   4.33
 -75.741833    36.184618   4.31
 -75.741808    36.184613   4.34
 -75.741799    36.184610   4.36
 -75.741791    36.184608   4.36
 -75.741741    36.184595   4.39
 -75.741737    36.184597   4.40
 -75.741731    36.184596   4.40
 -75.741725    36.184594   4.39
 -75.741719    36.184593   4.41
 -75.741713    36.184592   4.42
 -75.741708    36.184590   4.42
 -75.741703    36.184589   4.42
 -75.741698    36.184588   4.42
 -75.741692    36.184587   4.43
 -75.741687    36.184586   4.44
 -75.741681    36.184584   4.45
 -75.741675    36.184583   4.45
 -75.741669    36.184582   4.45
 -75.741665    36.184581   4.45
 -75.741662    36.184581   4.45
 -75.741660    36.184581   4.45
 -75.741659    36.184580   4.45
 -75.741657    36.184580   4.44
 -75.743239    36.184794   3.39
 -75.743226    36.184790   3.38
 -75.743218    36.184788   3.35
 -75.743210    36.184785   3.34
 -75.743202    36.184783   3.31
 -75.743194    36.184780   3.28
 -75.743187    36.184777   3.26
 -75.743180    36.184775   3.23
 -75.743172    36.184773   3.20
 -75.743165    36.184770   3.17
 -75.743157    36.184768   3.14
 -75.743149    36.184765   3.11
 -75.743141    36.184762   3.08
 -75.743134    36.184760   3.04
 -75.743126    36.184758   3.03
 -75.743118    36.184755   2.97
 -75.743110    36.184753   2.95
 -75.743102    36.184752   2.92
 -75.743099    36.184750   2.89
 -75.743091    36.184749   2.85
 -75.743083    36.184747   2.82
 -75.743075    36.184745   2.80
 -75.743068    36.184743   2.76
 -75.743059    36.184741   2.73
 -75.743050    36.184739   2.72
 -75.743041    36.184737   2.68
 -75.743032    36.184735   2.65
 -75.743023    36.184734   2.63
 -75.743013    36.184733   2.62
 -75.743005    36.184730   2.60
 -75.742997    36.184729   2.59
 -75.742990    36.184727   2.56
 -75.742982    36.184725   2.57
 -75.742973    36.184724   2.56
 -75.742945    36.184717   2.56
 -75.742935    36.184715   2.54
 -75.742926    36.184712   2.55
 -75.742918    36.184710   2.55
 -75.742912    36.184708   2.57
 -75.742905    36.184706   2.57
 -75.742897    36.184704   2.58
 -75.742887    36.184701   2.59
 -75.742878    36.184699   2.60
 -75.742868    36.184697   2.62
 -75.742859    36.184694   2.64
 -75.742851    36.184692   2.65
 -75.742843    36.184690   2.66
 -75.742835    36.184688   2.69
 -75.742829    36.184686   2.69
 -75.742820    36.184685   2.71
 -75.742811    36.184682   2.74
 -75.742801    36.184680   2.75
 -75.742792    36.184678   2.77
 -75.742783    36.184676   2.80
 -75.742778    36.184675   2.81
 -75.743356    36.184503   3.19
 -75.743347    36.184501   3.17
 -75.743338    36.184499   3.12
 -75.743330    36.184497   3.09
 -75.743322    36.184494   3.04
 -75.743317    36.184493   3.01
 -75.743309    36.184490   2.98
 -75.743300    36.184488   2.93
 -75.743291    36.184485   2.91
 -75.743282    36.184483   2.88
 -75.743272    36.184480   2.83
 -75.743263    36.184477   2.82
 -75.743254    36.184475   2.78
 -75.743244    36.184472   2.76
 -75.743235    36.184469   2.73
 -75.743225    36.184466   2.73
 -75.743216    36.184463   2.70
 -75.743206    36.184460   2.69
 -75.743196    36.184457   2.69
 -75.743186    36.184454   2.68
 -75.743177    36.184452   2.66
 -75.743167    36.184449   2.66
 -75.743158    36.184446   2.66
 -75.743150    36.184443   2.66
 -75.743140    36.184441   2.66
 -75.743132    36.184438   2.66
 -75.743122    36.184435   2.65
 -75.743112    36.184432   2.67
 -75.743102    36.184429   2.68
 -75.743092    36.184426   2.69
 -75.743083    36.184423   2.70
 -75.743047    36.184413   2.74
 -75.743038    36.184411   2.77
 -75.743030    36.184409   2.78
 -75.743021    36.184406   2.78
 -75.743012    36.184403   2.81
 -75.743003    36.184401   2.82
 -75.742994    36.184398   2.84
 -75.742984    36.184395   2.87
 -75.742974    36.184393   2.88
 -75.742965    36.184391   2.90
 -75.742956    36.184388   2.92
 -75.742947    36.184386   2.94
 -75.742938    36.184384   2.96
 -75.742929    36.184381   2.98
 -75.742921    36.184378   2.99
 -75.742910    36.184376   3.00
 -75.742901    36.184373   3.03
 -75.742892    36.184371   3.04
 -75.742882    36.184369   3.07
 -75.742873    36.184366   3.09
 -75.742865    36.184364   3.11
 -75.742857    36.184362   3.12
 -75.742848    36.184360   3.14
 -75.742840    36.184358   3.15
 -75.742831    36.184356   3.18
 -75.742822    36.184353   3.19
 -75.742813    36.184351   3.22
 -75.742803    36.184348   3.24
 -75.742793    36.184346   3.26
 -75.742784    36.184344   3.29
 -75.742775    36.184341   3.30
 -75.742767    36.184339   3.32
 -75.742758    36.184337   3.32
 -75.742750    36.184335   3.35
 -75.742742    36.184333   3.37
 -75.742733    36.184331   3.37
 -75.742723    36.184328   3.39
 -75.742714    36.184326   3.43
 -75.742704    36.184324   3.42
 -75.742696    36.184321   3.46
 -75.742670    36.184314   3.50
 -75.742662    36.184312   3.52
 -75.742654    36.184310   3.53
 -75.742645    36.184308   3.55
 -75.742636    36.184305   3.56
 -75.742627    36.184303   3.58
 -75.742618    36.184300   3.60
 -75.742609    36.184298   3.62
 -75.742599    36.184296   3.63
 -75.742591    36.184293   3.65
 -75.742582    36.184291   3.66
 -75.742573    36.184289   3.68
 -75.742565    36.184287   3.69
 -75.742556    36.184285   3.70
 -75.742547    36.184282   3.73
 -75.742538    36.184280   3.74
 -75.742529    36.184278   3.75
 -75.742520    36.184275   3.75
 -75.742511    36.184273   3.79
 -75.742503    36.184271   3.79
 -75.742494    36.184268   3.80
 -75.742485    36.184266   3.83
 -75.742476    36.184264   3.83
 -75.742467    36.184261   3.84
 -75.742458    36.184259   3.86
 -75.742449    36.184257   3.86
 -75.742441    36.184254   3.88
 -75.742432    36.184252   3.88
 -75.742423    36.184250   3.91
 -75.742414    36.184247   3.92
 -75.742405    36.184245   3.93
 -75.742397    36.184243   3.94
 -75.742388    36.184241   3.96
 -75.742378    36.184238   3.98
 -75.742369    36.184236   3.99
 -75.742360    36.184234   4.01
 -75.742350    36.184231   4.01
 -75.742342    36.184229   4.02
 -75.742333    36.184228   4.04
 -75.742324    36.184226   4.04
 -75.742317    36.184224   4.05
 -75.742290    36.184219   4.08
 -75.742280    36.184217   4.09
 -75.742271    36.184215   4.12
 -75.742261    36.184212   4.12
 -75.742252    36.184210   4.12
 -75.742243    36.184209   4.13
 -75.742234    36.184206   4.14
 -75.742226    36.184204   4.14
 -75.742217    36.184202   4.16
 -75.742208    36.184200   4.18
 -75.742200    36.184198   4.18
 -75.742190    36.184195   4.18
 -75.742181    36.184193   4.20
 -75.742172    36.184190   4.20
 -75.742163    36.184188   4.22
 -75.742154    36.184185   4.23
 -75.742146    36.184182   4.23
 -75.742137    36.184180   4.25
 -75.742129    36.184177   4.25
 -75.742119    36.184174   4.25
 -75.742110    36.184171   4.27
 -75.742101    36.184169   4.28
 -75.742092    36.184166   4.28
 -75.742083    36.184164   4.29
 -75.742074    36.184161   4.29
 -75.742066    36.184159   4.30
 -75.742057    36.184156   4.31
 -75.742048    36.184154   4.31
 -75.742040    36.184152   4.33
 -75.742031    36.184149   4.33
 -75.742022    36.184147   4.34
 -75.742013    36.184144   4.35
 -75.742004    36.184142   4.35
 -75.741995    36.184140   4.35
 -75.741985    36.184137   4.36
 -75.741976    36.184135   4.38
 -75.741968    36.184133   4.37
 -75.741959    36.184131   4.38
 -75.741950    36.184129   4.39
 -75.741942    36.184126   4.40
 -75.741914    36.184120   4.42
 -75.741905    36.184117   4.43
 -75.741895    36.184115   4.44
 -75.741886    36.184112   4.44
 -75.741877    36.184110   4.45
 -75.741868    36.184108   4.45
 -75.741860    36.184106   4.45
 -75.741852    36.184103   4.47
 -75.741843    36.184101   4.47
 -75.741834    36.184099   4.48
 -75.741825    36.184096   4.49
 -75.741817    36.184094   4.50
 -75.741808    36.184091   4.51
 -75.741798    36.184088   4.50
 -75.741789    36.184085   4.51
 -75.741780    36.184083   4.53
 -75.741770    36.184080   4.53
 -75.741761    36.184078   4.54
 -75.741752    36.184076   4.55
 -75.741744    36.184073   4.55
 -75.741736    36.184071   4.56
 -75.741727    36.184068   4.57
 -75.741719    36.184066   4.58
 -75.741711    36.184064   4.58
 -75.741702    36.184061   4.59
 -75.741693    36.184058   4.60
 -75.741683    36.184055   4.62
 -75.741675    36.184051   4.61
 -75.741665    36.184050   4.62
 -75.741657    36.184048   4.62
 -75.741648    36.184045   4.62
 -75.741640    36.184043   4.62
 -75.741631    36.184040   4.63
 -75.741622    36.184037   4.63
 -75.741613    36.184034   4.66
 -75.741605    36.184032   4.66
 -75.741596    36.184029   4.66
 -75.741588    36.184026   4.66
 -75.741580    36.184023   4.67
 -75.741572    36.184019   4.68
 -75.741565    36.184016   4.68
 -75.741542    36.184003   4.70
 -75.743446    36.184282   2.71
 -75.743421    36.184276   2.66
 -75.743411    36.184274   2.65
 -75.743403    36.184271   2.63
 -75.743394    36.184269   2.61
 -75.743385    36.184267   2.61
 -75.743376    36.184265   2.60
 -75.743367    36.184262   2.60
 -75.743358    36.184261   2.59
 -75.743350    36.184258   2.57
 -75.743341    36.184255   2.58
 -75.743333    36.184253   2.57
 -75.743324    36.184250   2.57
 -75.743315    36.184248   2.57
 -75.743307    36.184245   2.56
 -75.743298    36.184242   2.58
 -75.743289    36.184239   2.58
 -75.743280    36.184237   2.58
 -75.743270    36.184234   2.58
 -75.743262    36.184232   2.60
 -75.743253    36.184230   2.61
 -75.743245    36.184228   2.61
 -75.743236    36.184226   2.63
 -75.743227    36.184223   2.65
 -75.743219    36.184221   2.65
 -75.743209    36.184219   2.67
 -75.743201    36.184216   2.68
 -75.743191    36.184214   2.69
 -75.743182    36.184211   2.70
 -75.743173    36.184209   2.73
 -75.743166    36.184207   2.73
 -75.743157    36.184206   2.74
 -75.743149    36.184204   2.76
 -75.743140    36.184202   2.76
 -75.743130    36.184200   2.77
 -75.743121    36.184198   2.78
 -75.743113    36.184196   2.79
 -75.743104    36.184194   2.81
 -75.743095    36.184192   2.81
 -75.743087    36.184190   2.84
 -75.743078    36.184188   2.85
 -75.743044    36.184179   2.91
 -75.743036    36.184176   2.94
 -75.743027    36.184174   2.96
 -75.743018    36.184171   2.97
 -75.743010    36.184168   2.99
 -75.743001    36.184166   3.01
 -75.742992    36.184163   3.03
 -75.742984    36.184160   3.05
 -75.742976    36.184158   3.07
 -75.742968    36.184155   3.09
 -75.743510    36.184110   2.47
 -75.743501    36.184108   2.47
 -75.743491    36.184105   2.47
 -75.743481    36.184102   2.47
 -75.743472    36.184099   2.47
 -75.743462    36.184097   2.48
 -75.743453    36.184094   2.48
 -75.743444    36.184092   2.48
 -75.743435    36.184089   2.51
 -75.743426    36.184087   2.51
 -75.743416    36.184084   2.52
 -75.743407    36.184082   2.53
 -75.743396    36.184079   2.53
 -75.743387    36.184077   2.54
 -75.743378    36.184074   2.56
 -75.743370    36.184072   2.57
 -75.743361    36.184069   2.58
 -75.743333    36.184060   2.63
 -75.743325    36.184057   2.64
 -75.743316    36.184054   2.66
 -75.743308    36.184051   2.68
 -75.743299    36.184048   2.69
 -75.743290    36.184045   2.71
 -75.743281    36.184042   2.73
 -75.743272    36.184040   2.74
 -75.743262    36.184038   2.76
 -75.743253    36.184035   2.77
 -75.743243    36.184034   2.79
 -75.743233    36.184032   2.81
 -75.743224    36.184031   2.83
 -75.743215    36.184029   2.84
 -75.743206    36.184028   2.86
 -75.743197    36.184026   2.88
 -75.743188    36.184025   2.89
 -75.743179    36.184023   2.92
 -75.743169    36.184021   2.93
 -75.743159    36.184019   2.94
 -75.743150    36.184016   2.96
 -75.743141    36.184014   2.98
 -75.743133    36.184012   3.00
 -75.743124    36.184009   3.02
 -75.743115    36.184006   3.03
 -75.743104    36.184005   3.06
 -75.743094    36.184002   3.07
 -75.743085    36.183999   3.09
 -75.743075    36.183997   3.11
 -75.743066    36.183994   3.13
 -75.743057    36.183991   3.15
 -75.743050    36.183989   3.16
 -75.743041    36.183987   3.19
 -75.743031    36.183984   3.21
 -75.743022    36.183981   3.22
 -75.743012    36.183978   3.24
 -75.743003    36.183976   3.26
 -75.742993    36.183973   3.29
 -75.742984    36.183971   3.30
 -75.742974    36.183969   3.31
 -75.742939    36.183960   3.39
 -75.742931    36.183957   3.40
 -75.742921    36.183955   3.42
 -75.742911    36.183953   3.43
 -75.742902    36.183951   3.45
 -75.742892    36.183949   3.47
 -75.742883    36.183946   3.48
 -75.742874    36.183944   3.50
 -75.742866    36.183942   3.50
 -75.742857    36.183940   3.52
 -75.742849    36.183938   3.53
 -75.742839    36.183935   3.56
 -75.742829    36.183933   3.58
 -75.742820    36.183931   3.58
 -75.742812    36.183928   3.60
 -75.742802    36.183926   3.62
 -75.742794    36.183923   3.62
 -75.742785    36.183920   3.64
 -75.742775    36.183918   3.65
 -75.742767    36.183915   3.66
 -75.742758    36.183912   3.68
 -75.742749    36.183909   3.70
 -75.742741    36.183906   3.70
 -75.742732    36.183903   3.73
 -75.742723    36.183901   3.73
 -75.742714    36.183897   3.74
 -75.742705    36.183895   3.75
 -75.742695    36.183892   3.77
 -75.742686    36.183890   3.78
 -75.742677    36.183888   3.80
 -75.742668    36.183886   3.81
 -75.742659    36.183883   3.82
 -75.742650    36.183881   3.84
 -75.742640    36.183880   3.85
 -75.742631    36.183877   3.85
 -75.742622    36.183875   3.86
 -75.742613    36.183873   3.87
 -75.742603    36.183871   3.90
 -75.742595    36.183869   3.91
 -75.742586    36.183867   3.91
 -75.742559    36.183860   3.96
 -75.742549    36.183858   3.96
 -75.742540    36.183855   3.97
 -75.742530    36.183853   3.98
 -75.742522    36.183851   3.98
 -75.742513    36.183848   4.00
 -75.742504    36.183846   4.00
 -75.742495    36.183844   4.01
 -75.742486    36.183841   4.02
 -75.742477    36.183839   4.04
 -75.742467    36.183838   4.05
 -75.742459    36.183835   4.05
 -75.742450    36.183832   4.06
 -75.742440    36.183829   4.08
 -75.742431    36.183826   4.08
 -75.742421    36.183824   4.11
 -75.742412    36.183822   4.10
 -75.742403    36.183820   4.12
 -75.742395    36.183818   4.11
 -75.742387    36.183815   4.12
 -75.742379    36.183813   4.13
 -75.742370    36.183810   4.14
 -75.742359    36.183808   4.15
 -75.742350    36.183805   4.16
 -75.742341    36.183802   4.17
 -75.742332    36.183799   4.16
 -75.742323    36.183796   4.17
 -75.742307    36.183791   4.19
 -75.742299    36.183788   4.19
 -75.742290    36.183786   4.21
 -75.742282    36.183783   4.21
 -75.742272    36.183780   4.21
 -75.742264    36.183776   4.22
 -75.742255    36.183772   4.23
 -75.742245    36.183769   4.24
 -75.742237    36.183767   4.25
 -75.742229    36.183763   4.26
 -75.742222    36.183761   4.25
 -75.742214    36.183758   4.26
 -75.742205    36.183755   4.26
 -75.742177    36.183748   4.29
 -75.742168    36.183745   4.30
 -75.742159    36.183743   4.32
 -75.742150    36.183741   4.31
 -75.742142    36.183739   4.32
 -75.742133    36.183737   4.33
 -75.742123    36.183735   4.33
 -75.742114    36.183733   4.34
 -75.742104    36.183730   4.34
 -75.742098    36.183730   4.36
 -75.742095    36.183729   4.35
 -75.743587    36.183940   2.48
 -75.743579    36.183937   2.49
 -75.743569    36.183935   2.50
 -75.743540    36.183928   2.56
 -75.743531    36.183925   2.57
 -75.743522    36.183923   2.58
 -75.743513    36.183921   2.61
 -75.743505    36.183918   2.62
 -75.743496    36.183916   2.63
 -75.743487    36.183914   2.65
 -75.743479    36.183911   2.67
 -75.743470    36.183909   2.68
 -75.743462    36.183907   2.70
 -75.743454    36.183904   2.73
 -75.743444    36.183902   2.74
 -75.743434    36.183899   2.76
 -75.743425    36.183896   2.79
 -75.743413    36.183894   2.84
 -75.743392    36.183886   2.85
 -75.743381    36.183884   2.89
 -75.743336    36.183870   2.95
 -75.743329    36.183870   2.97
 -75.743320    36.183867   2.99
 -75.743311    36.183864   2.99
 -75.743303    36.183861   3.01
 -75.743190    36.183832   3.23
 -75.743185    36.183832   3.21
 -75.743161    36.183829   3.29
 -75.743150    36.183827   3.30
 -75.743133    36.183826   3.33
 -75.743647    36.183751   2.53
 -75.743638    36.183749   2.55
 -75.743629    36.183746   2.57
 -75.743619    36.183744   2.58
 -75.743609    36.183741   2.61
 -75.743600    36.183738   2.63
 -75.743591    36.183737   2.64
 -75.743583    36.183734   2.67
 -75.743574    36.183732   2.68
 -75.743565    36.183730   2.70
 -75.743555    36.183727   2.71
 -75.743545    36.183725   2.74
 -75.743537    36.183722   2.75
 -75.743528    36.183720   2.77
 -75.743520    36.183718   2.79
 -75.743511    36.183715   2.80
 -75.743501    36.183713   2.83
 -75.743492    36.183710   2.84
 -75.743483    36.183708   2.86
 -75.743474    36.183705   2.88
 -75.743465    36.183703   2.89
 -75.743456    36.183700   2.91
 -75.743447    36.183698   2.93
 -75.743438    36.183695   2.94
 -75.743430    36.183693   2.95
 -75.743420    36.183691   2.98
 -75.743411    36.183687   2.99
 -75.743402    36.183685   3.02
 -75.743394    36.183682   3.02
 -75.743385    36.183679   3.04
 -75.743377    36.183677   3.06
 -75.743367    36.183674   3.08
 -75.743358    36.183671   3.09
 -75.743349    36.183668   3.10
 -75.743339    36.183666   3.12
 -75.743331    36.183663   3.14
 -75.743322    36.183660   3.16
 -75.743314    36.183658   3.17
 -75.743306    36.183655   3.19
 -75.743297    36.183651   3.20
 -75.743287    36.183648   3.22
 -75.743261    36.183640   3.28
 -75.743252    36.183637   3.29
 -75.743243    36.183634   3.31
 -75.743234    36.183632   3.32
 -75.743225    36.183629   3.33
 -75.743216    36.183626   3.36
 -75.743207    36.183624   3.36
 -75.743197    36.183621   3.39
 -75.743188    36.183619   3.40
 -75.743181    36.183617   3.40
 -75.743173    36.183615   3.42
 -75.743164    36.183613   3.44
 -75.743154    36.183610   3.46
 -75.743144    36.183608   3.48
 -75.743134    36.183606   3.48
 -75.743125    36.183604   3.49
 -75.743116    36.183602   3.51
 -75.743106    36.183600   3.53
 -75.743097    36.183599   3.53
 -75.743088    36.183597   3.55
 -75.743080    36.183595   3.56
 -75.743072    36.183593   3.58
 -75.743063    36.183591   3.59
 -75.743054    36.183589   3.59
 -75.743045    36.183587   3.61
 -75.743035    36.183584   3.62
 -75.743026    36.183581   3.63
 -75.743017    36.183579   3.65
 -75.743008    36.183576   3.65
 -75.743000    36.183574   3.67
 -75.742991    36.183571   3.68
 -75.742982    36.183568   3.69
 -75.742974    36.183566   3.70
 -75.742965    36.183563   3.71
 -75.742957    36.183560   3.72
 -75.742948    36.183558   3.72
 -75.742939    36.183555   3.74
 -75.742930    36.183553   3.75
 -75.742921    36.183550   3.76
 -75.742912    36.183548   3.77
 -75.742886    36.183541   3.81
 -75.742877    36.183539   3.83
 -75.742868    36.183537   3.82
 -75.742859    36.183535   3.83
 -75.742850    36.183533   3.84
 -75.742840    36.183530   3.86
 -75.742831    36.183528   3.87
 -75.742822    36.183526   3.88
 -75.742813    36.183524   3.89
 -75.742806    36.183522   3.90
 -75.742797    36.183520   3.91
 -75.742787    36.183518   3.92
 -75.742778    36.183515   3.93
 -75.742769    36.183513   3.94
 -75.742760    36.183511   3.95
 -75.742751    36.183508   3.96
 -75.742743    36.183506   3.97
 -75.742733    36.183504   3.98
 -75.742724    36.183502   3.99
 -75.742715    36.183500   4.00
 -75.742707    36.183498   4.00
 -75.742698    36.183495   4.01
 -75.742690    36.183493   4.02
 -75.742681    36.183491   4.02
 -75.742672    36.183489   4.03
 -75.742663    36.183486   4.05
 -75.742653    36.183484   4.05
 -75.742644    36.183482   4.05
 -75.742635    36.183480   4.07
 -75.742627    36.183478   4.07
 -75.742619    36.183475   4.08
 -75.742611    36.183474   4.09
 -75.742602    36.183471   4.09
 -75.742593    36.183469   4.09
 -75.742583    36.183467   4.11
 -75.742574    36.183464   4.11
 -75.742565    36.183462   4.12
 -75.742556    36.183459   4.13
 -75.742546    36.183457   4.12
 -75.742538    36.183455   4.14
 -75.742529    36.183453   4.14
 -75.742506    36.183447   4.16
 -75.742497    36.183444   4.16
 -75.742488    36.183442   4.17
 -75.742478    36.183440   4.17
 -75.742468    36.183437   4.18
 -75.742459    36.183435   4.20
 -75.742450    36.183433   4.19
 -75.742441    36.183430   4.20
 -75.742434    36.183428   4.19
 -75.742425    36.183426   4.21
 -75.742415    36.183424   4.21
 -75.742406    36.183421   4.23
 -75.742397    36.183419   4.23
 -75.742388    36.183417   4.24
 -75.742380    36.183414   4.25
 -75.742372    36.183412   4.25
 -75.742363    36.183410   4.25
 -75.742354    36.183408   4.25
 -75.742345    36.183405   4.27
 -75.742335    36.183403   4.27
 -75.742326    36.183400   4.28
 -75.742317    36.183398   4.29
 -75.742308    36.183396   4.29
 -75.742300    36.183394   4.30
 -75.742291    36.183391   4.30
 -75.742282    36.183389   4.31
 -75.742272    36.183387   4.31
 -75.742263    36.183384   4.33
 -75.742255    36.183382   4.33
 -75.742247    36.183380   4.34
 -75.742239    36.183377   4.34
 -75.742231    36.183375   4.34
 -75.742220    36.183373   4.36
 -75.742211    36.183370   4.36
 -75.742202    36.183367   4.38
 -75.742192    36.183365   4.38
 -75.742184    36.183363   4.38
 -75.742176    36.183361   4.38
 -75.742169    36.183359   4.39
 -75.742161    36.183357   4.40
 -75.742123    36.183347   4.42
 -75.742115    36.183344   4.43
 -75.742106    36.183342   4.44
 -75.742097    36.183339   4.44
 -75.742089    36.183337   4.45
 -75.742082    36.183335   4.45
 -75.742073    36.183333   4.46
 -75.742063    36.183330   4.47
 -75.742054    36.183328   4.47
 -75.742044    36.183325   4.48
 -75.742035    36.183323   4.48
 -75.742026    36.183320   4.49
 -75.742018    36.183318   4.50
 -75.742010    36.183315   4.50
 -75.742001    36.183313   4.51
 -75.741994    36.183311   4.52
 -75.741984    36.183308   4.52
 -75.741975    36.183306   4.54
 -75.741965    36.183303   4.54
 -75.741956    36.183300   4.55
 -75.741947    36.183298   4.55
 -75.741939    36.183296   4.56
 -75.741930    36.183293   4.57
 -75.741922    36.183291   4.58
 -75.741913    36.183288   4.58
 -75.741903    36.183286   4.60
 -75.741895    36.183283   4.60
 -75.741885    36.183280   4.60
 -75.741876    36.183278   4.62
 -75.741867    36.183275   4.63
 -75.741859    36.183273   4.63
 -75.741850    36.183270   4.65
 -75.741841    36.183268   4.65
 -75.741832    36.183265   4.67
 -75.741823    36.183263   4.66
 -75.741814    36.183260   4.68
 -75.741805    36.183258   4.68
 -75.741797    36.183255   4.69
 -75.741788    36.183253   4.69
 -75.741779    36.183250   4.69
 -75.741753    36.183243   4.71
 -75.741745    36.183240   4.72
 -75.741736    36.183238   4.73
 -75.741727    36.183235   4.74
 -75.741718    36.183232   4.74
 -75.741710    36.183230   4.75
 -75.741701    36.183228   4.76
 -75.741694    36.183225   4.76
 -75.741687    36.183224   4.76
 -75.741683    36.183223   4.79
 -75.741681    36.183222   4.78
 -75.743776    36.183462   2.85
 -75.743767    36.183460   2.87
 -75.743758    36.183457   2.88
 -75.743750    36.183455   2.90
 -75.743741    36.183452   2.92
 -75.743733    36.183450   2.93
 -75.743724    36.183448   2.95
 -75.743716    36.183446   2.96
 -75.743707    36.183443   2.97
 -75.743698    36.183441   3.00
 -75.743690    36.183438   3.00
 -75.743681    36.183436   3.02
 -75.743671    36.183434   3.03
 -75.743662    36.183432   3.05
 -75.743653    36.183429   3.06
 -75.743644    36.183427   3.08
 -75.743617    36.183420   3.11
 -75.743609    36.183418   3.14
 -75.743600    36.183416   3.15
 -75.743590    36.183414   3.16
 -75.743582    36.183412   3.18
 -75.743573    36.183409   3.19
 -75.743564    36.183407   3.20
 -75.743554    36.183405   3.22
 -75.743545    36.183402   3.24
 -75.743536    36.183400   3.25
 -75.743526    36.183398   3.26
 -75.743517    36.183395   3.27
 -75.743509    36.183393   3.28
 -75.743500    36.183391   3.30
 -75.743491    36.183389   3.31
 -75.743484    36.183386   3.32
 -75.743475    36.183384   3.33
 -75.743466    36.183382   3.35
 -75.743457    36.183380   3.36
 -75.743447    36.183378   3.37
 -75.743437    36.183375   3.39
 -75.743428    36.183373   3.40
 -75.743419    36.183371   3.41
 -75.743410    36.183369   3.43
 -75.743402    36.183367   3.45
 -75.743395    36.183365   3.45
 -75.743387    36.183363   3.46
 -75.743378    36.183361   3.48
 -75.743370    36.183360   3.49
 -75.743361    36.183357   3.50
 -75.743352    36.183355   3.51
 -75.743343    36.183353   3.52
 -75.743334    36.183351   3.53
 -75.743324    36.183348   3.55
 -75.743315    36.183346   3.56
 -75.743306    36.183344   3.57
 -75.743297    36.183342   3.58
 -75.743288    36.183340   3.60
 -75.743280    36.183338   3.60
 -75.743272    36.183336   3.61
 -75.743265    36.183333   3.62
 -75.743238    36.183327   3.65
 -75.743229    36.183325   3.66
 -75.743219    36.183322   3.67
 -75.743210    36.183320   3.67
 -75.743201    36.183318   3.70
 -75.743192    36.183315   3.70
 -75.743183    36.183313   3.71
 -75.743174    36.183310   3.71
 -75.743167    36.183308   3.73
 -75.743158    36.183306   3.74
 -75.743150    36.183304   3.74
 -75.743142    36.183301   3.75
 -75.743133    36.183299   3.75
 -75.743124    36.183296   3.76
 -75.743115    36.183294   3.78
 -75.743106    36.183291   3.78
 -75.743097    36.183289   3.79
 -75.743088    36.183286   3.80
 -75.743079    36.183284   3.81
 -75.743071    36.183283   3.81
 -75.743062    36.183280   3.83
 -75.743054    36.183279   3.82
 -75.743045    36.183276   3.85
 -75.743035    36.183274   3.85
 -75.743026    36.183272   3.86
 -75.743017    36.183270   3.88
 -75.743008    36.183267   3.88
 -75.742999    36.183265   3.88
 -75.742990    36.183263   3.90
 -75.742982    36.183261   3.91
 -75.742974    36.183259   3.92
 -75.742965    36.183257   3.92
 -75.742956    36.183255   3.93
 -75.742947    36.183252   3.94
 -75.742937    36.183250   3.96
 -75.742928    36.183247   3.97
 -75.742919    36.183245   3.97
 -75.742910    36.183243   3.98
 -75.742902    36.183241   3.98
 -75.742894    36.183239   4.00
 -75.742860    36.183230   4.02
 -75.742851    36.183227   4.02
 -75.742842    36.183225   4.04
 -75.742833    36.183222   4.04
 -75.742824    36.183220   4.04
 -75.742815    36.183218   4.05
 -75.742806    36.183215   4.06
 -75.742798    36.183213   4.07
 -75.742789    36.183211   4.08
 -75.742781    36.183208   4.08
 -75.742772    36.183206   4.07
 -75.742763    36.183203   4.08
 -75.742755    36.183201   4.09
 -75.742746    36.183198   4.11
 -75.742736    36.183196   4.10
 -75.742727    36.183193   4.11
 -75.742718    36.183190   4.11
 -75.742709    36.183188   4.12
 -75.742700    36.183185   4.13
 -75.742691    36.183183   4.13
 -75.742683    36.183181   4.14
 -75.742675    36.183178   4.14
 -75.742667    36.183176   4.14
 -75.742658    36.183173   4.16
 -75.742649    36.183170   4.16
 -75.742639    36.183168   4.16
 -75.742630    36.183165   4.17
 -75.742621    36.183162   4.18
 -75.742613    36.183160   4.18
 -75.742605    36.183157   4.19
 -75.742596    36.183155   4.19
 -75.742588    36.183152   4.20
 -75.742580    36.183150   4.20
 -75.742571    36.183147   4.20
 -75.742562    36.183144   4.22
 -75.742553    36.183142   4.23
 -75.742544    36.183139   4.23
 -75.742535    36.183136   4.24
 -75.742526    36.183133   4.24
 -75.742517    36.183130   4.25
 -75.742492    36.183123   4.26
 -75.742483    36.183121   4.27
 -75.742474    36.183118   4.28
 -75.742466    36.183116   4.29
 -75.742457    36.183114   4.29
 -75.742448    36.183111   4.29
 -75.742438    36.183109   4.31
 -75.742429    36.183106   4.31
 -75.742420    36.183104   4.32
 -75.742412    36.183101   4.32
 -75.742404    36.183098   4.33
 -75.742396    36.183095   4.33
 -75.742388    36.183092   4.35
 -75.742380    36.183089   4.35
 -75.742373    36.183086   4.36
 -75.742366    36.183083   4.35
 -75.742358    36.183080   4.36
 -75.742350    36.183076   4.37
 -75.742341    36.183072   4.37
 -75.742332    36.183068   4.38
 -75.742323    36.183064   4.39
 -75.742314    36.183060   4.40
 -75.743922    36.183098   2.96
 -75.743913    36.183096   2.97
 -75.743905    36.183094   2.99
 -75.743897    36.183091   3.00
 -75.743889    36.183089   3.01
 -75.743881    36.183087   3.03
 -75.743871    36.183084   3.05
 -75.743861    36.183081   3.06
 -75.743852    36.183078   3.08
 -75.743842    36.183076   3.09
 -75.743833    36.183073   3.11
 -75.743824    36.183070   3.12
 -75.743816    36.183068   3.14
 -75.743808    36.183065   3.15
 -75.743801    36.183063   3.15
 -75.743794    36.183060   3.17
 -75.743784    36.183057   3.19
 -75.743775    36.183055   3.20
 -75.743765    36.183052   3.21
 -75.743756    36.183049   3.22
 -75.743747    36.183047   3.23
 -75.743738    36.183045   3.24
 -75.743729    36.183042   3.25
 -75.743721    36.183041   3.27
 -75.743713    36.183039   3.28
 -75.743705    36.183037   3.29
 -75.743695    36.183035   3.31
 -75.743685    36.183033   3.32
 -75.743675    36.183031   3.33
 -75.743666    36.183029   3.35
 -75.743656    36.183027   3.35
 -75.743647    36.183026   3.37
 -75.743638    36.183024   3.38
 -75.743604    36.183017   3.43
 -75.743594    36.183014   3.44
 -75.743585    36.183012   3.44
 -75.743576    36.183010   3.46
 -75.743566    36.183007   3.48
 -75.743558    36.183005   3.49
 -75.743550    36.183003   3.49
 -75.743542    36.183001   3.50
 -75.743533    36.182999   3.51
 -75.743524    36.182996   3.53
 -75.743515    36.182993   3.53
 -75.743506    36.182991   3.54
 -75.743497    36.182988   3.56
 -75.743488    36.182986   3.56
 -75.743479    36.182984   3.58
 -75.743470    36.182981   3.58
 -75.743461    36.182979   3.60
 -75.743452    36.182976   3.60
 -75.743443    36.182974   3.62
 -75.743435    36.182971   3.62
 -75.743427    36.182969   3.63
 -75.743418    36.182966   3.65
 -75.743408    36.182964   3.65
 -75.743399    36.182961   3.66
 -75.743390    36.182958   3.67
 -75.743381    36.182956   3.69
 -75.743372    36.182953   3.69
 -75.743363    36.182950   3.69
 -75.743355    36.182948   3.71
 -75.743347    36.182945   3.71
 -75.743339    36.182943   3.72
 -75.743330    36.182940   3.73
 -75.743321    36.182938   3.73
 -75.743312    36.182935   3.74
 -75.743303    36.182933   3.75
 -75.743294    36.182930   3.76
 -75.743285    36.182928   3.76
 -75.743276    36.182925   3.77
 -75.743267    36.182923   3.78
 -75.743259    36.182920   3.79
 -75.743232    36.182914   3.80
 -75.743225    36.182911   3.81
 -75.743215    36.182909   3.82
 -75.743206    36.182906   3.82
 -75.743197    36.182904   3.84
 -75.743187    36.182902   3.84
 -75.743179    36.182900   3.85
 -75.743170    36.182898   3.85
 -75.743161    36.182896   3.86
 -75.743153    36.182894   3.87
 -75.743144    36.182892   3.88
 -75.743134    36.182890   3.89
 -75.743125    36.182888   3.88
 -75.743115    36.182885   3.89
 -75.743106    36.182883   3.90
 -75.743098    36.182881   3.91
 -75.743089    36.182879   3.92
 -75.743081    36.182877   3.92
 -75.743072    36.182875   3.92
 -75.743063    36.182873   3.93
 -75.743054    36.182871   3.94
 -75.743045    36.182869   3.95
 -75.743036    36.182866   3.96
 -75.743026    36.182864   3.96
 -75.743018    36.182861   3.97
 -75.743009    36.182859   3.98
 -75.743000    36.182856   3.99
 -75.742991    36.182854   3.99
 -75.742982    36.182851   4.00
 -75.742973    36.182848   4.00
 -75.742965    36.182846   4.01
 -75.742956    36.182844   4.01
 -75.742947    36.182841   4.02
 -75.742938    36.182839   4.03
 -75.742929    36.182836   4.04
 -75.742921    36.182834   4.04
 -75.742911    36.182831   4.04
 -75.742902    36.182829   4.06
 -75.742893    36.182826   4.06
 -75.742884    36.182824   4.07
 -75.742875    36.182822   4.08
 -75.742849    36.182815   4.08
 -75.742840    36.182813   4.09
 -75.742831    36.182811   4.09
 -75.742822    36.182808   4.10
 -75.742813    36.182806   4.10
 -75.742805    36.182805   4.11
 -75.742797    36.182802   4.12
 -75.742788    36.182800   4.12
 -75.742779    36.182798   4.13
 -75.742769    36.182796   4.13
 -75.742760    36.182794   4.13
 -75.742751    36.182791   4.14
 -75.742742    36.182789   4.15
 -75.742734    36.182787   4.16
 -75.742725    36.182785   4.16
 -75.742717    36.182783   4.17
 -75.742709    36.182780   4.17
 -75.742701    36.182778   4.18
 -75.742692    36.182775   4.19
 -75.742682    36.182772   4.19
 -75.742673    36.182769   4.20
 -75.742664    36.182767   4.21
 -75.742655    36.182764   4.21
 -75.742647    36.182762   4.22
 -75.742639    36.182759   4.22
 -75.742631    36.182756   4.23
 -75.742622    36.182754   4.23
 -75.742613    36.182752   4.24
 -75.742604    36.182749   4.24
 -75.742595    36.182747   4.25
 -75.742586    36.182744   4.26
 -75.742577    36.182742   4.26
 -75.742569    36.182739   4.26
 -75.744040    36.182817   3.09
 -75.744031    36.182814   3.10
 -75.744021    36.182811   3.13
 -75.744012    36.182808   3.14
 -75.744002    36.182805   3.16
 -75.743992    36.182802   3.17
 -75.743982    36.182799   3.18
 -75.743973    36.182796   3.20
 -75.743965    36.182793   3.21
 -75.743956    36.182791   3.22
 -75.743948    36.182788   3.24
 -75.743938    36.182785   3.25
 -75.743929    36.182782   3.27
 -75.743921    36.182780   3.28
 -75.743912    36.182777   3.30
 -75.743902    36.182775   3.31
 -75.743893    36.182772   3.32
 -75.743883    36.182769   3.32
 -75.743873    36.182766   3.35
 -75.743863    36.182764   3.36
 -75.743854    36.182761   3.38
 -75.743845    36.182759   3.39
 -75.743836    36.182756   3.40
 -75.743827    36.182754   3.42
 -75.743818    36.182752   3.42
 -75.743809    36.182750   3.43
 -75.743800    36.182747   3.44
 -75.743772    36.182739   3.48
 -75.743763    36.182737   3.49
 -75.743754    36.182734   3.50
 -75.743744    36.182732   3.51
 -75.743735    36.182729   3.52
 -75.743725    36.182727   3.54
 -75.743716    36.182724   3.54
 -75.743706    36.182721   3.55
 -75.743697    36.182719   3.57
 -75.743689    36.182716   3.58
 -75.743680    36.182714   3.59
 -75.743672    36.182711   3.60
 -75.743663    36.182709   3.60
 -75.743653    36.182706   3.62
 -75.743643    36.182703   3.62
 -75.743633    36.182700   3.64
 -75.743624    36.182698   3.65
 -75.743615    36.182695   3.65
 -75.743606    36.182693   3.67
 -75.743597    36.182690   3.68
 -75.743588    36.182687   3.67
 -75.743579    36.182685   3.68
 -75.743570    36.182683   3.69
 -75.743562    36.182681   3.70
 -75.743553    36.182678   3.71
 -75.743543    36.182676   3.72
 -75.743534    36.182673   3.72
 -75.743524    36.182670   3.73
 -75.743515    36.182668   3.74
 -75.743505    36.182665   3.74
 -75.743496    36.182663   3.76
 -75.743487    36.182661   3.77
 -75.743477    36.182658   3.77
 -75.743468    36.182656   3.78
 -75.743459    36.182653   3.79
 -75.743449    36.182652   3.80
 -75.743440    36.182650   3.80
 -75.743432    36.182647   3.81
 -75.743423    36.182646   3.83
 -75.743413    36.182644   3.83
 -75.743404    36.182641   3.83
 -75.743373    36.182636   3.86
 -75.743363    36.182634   3.87
 -75.743354    36.182633   3.87
 -75.743345    36.182631   3.88
 -75.743336    36.182629   3.88
 -75.743326    36.182628   3.89
 -75.743317    36.182626   3.90
 -75.743308    36.182624   3.89
 -75.743298    36.182623   3.91
 -75.743289    36.182621   3.92
 -75.743280    36.182619   3.92
 -75.743269    36.182617   3.92
 -75.743260    36.182615   3.93
 -75.743250    36.182613   3.94
 -75.743240    36.182610   3.95
 -75.743231    36.182609   3.95
 -75.743222    36.182607   3.95
 -75.743213    36.182605   3.97
 -75.743203    36.182603   3.97
 -75.743194    36.182601   3.98
 -75.743185    36.182598   3.99
 -75.743176    36.182596   3.99
 -75.743166    36.182594   3.99
 -75.743157    36.182592   4.00
 -75.743148    36.182589   4.01
 -75.743138    36.182587   4.02
 -75.743129    36.182584   4.03
 -75.743120    36.182582   4.03
 -75.743111    36.182579   4.03
 -75.743102    36.182576   4.03
 -75.743094    36.182574   4.04
 -75.743085    36.182571   4.05
 -75.743076    36.182568   4.05
 -75.743067    36.182565   4.06
 -75.743057    36.182562   4.06
 -75.743048    36.182559   4.07
 -75.743039    36.182556   4.08
 -75.743029    36.182554   4.08
 -75.743020    36.182551   4.09
 -75.743012    36.182548   4.09
 -75.742977    36.182537   4.12
 -75.742968    36.182535   4.12
 -75.742959    36.182533   4.14
 -75.742951    36.182530   4.13
 -75.742941    36.182527   4.13
 -75.742932    36.182525   4.15
 -75.742924    36.182522   4.15
 -75.742914    36.182519   4.16
 -75.742908    36.182518   4.18
 -75.742895    36.182514   4.17
 -75.742874    36.182508   4.18
 -75.742863    36.182505   4.19
 -75.742853    36.182502   4.19
 -75.742843    36.182500   4.19
 -75.742839    36.182499   4.21
 -75.742831    36.182497   4.21
 -75.742822    36.182494   4.21
 -75.742813    36.182492   4.22
 -75.742803    36.182489   4.23
 -75.742794    36.182486   4.23
 -75.742783    36.182484   4.24
 -75.742774    36.182481   4.26
 -75.742765    36.182479   4.25
 -75.742755    36.182476   4.25
 -75.742747    36.182473   4.26
 -75.742738    36.182470   4.28
 -75.742730    36.182467   4.28
 -75.742722    36.182464   4.28
 -75.742713    36.182462   4.30
 -75.742685    36.182452   4.31
 -75.742675    36.182449   4.31
 -75.742666    36.182446   4.34
 -75.742647    36.182438   4.34
 -75.742639    36.182438   4.36
 -75.742631    36.182437   4.40
 -75.742593    36.182425   4.38
 -75.742584    36.182425   4.39
 -75.742565    36.182417   4.40
 -75.742557    36.182425   4.40
 -75.742536    36.182409   4.41
 -75.742528    36.182411   4.45
 -75.742519    36.182413   4.43
 -75.742508    36.182406   4.44
 -75.742499    36.182407   4.44
 -75.742489    36.182405   4.44
 -75.742480    36.182405   4.45
 -75.742471    36.182403   4.46
 -75.742386    36.182382   4.53
 -75.742377    36.182384   4.54
 -75.742369    36.182383   4.54
 -75.742359    36.182380   4.54
 -75.742350    36.182378   4.56
 -75.742341    36.182377   4.57
 -75.742333    36.182375   4.58
 -75.742325    36.182373   4.58
 -75.742315    36.182371   4.59
 -75.742305    36.182369   4.59
 -75.742294    36.182367   4.59
 -75.742284    36.182365   4.59
 -75.742275    36.182363   4.61
 -75.742269    36.182362   4.61
 -75.742262    36.182361   4.62
 -75.742254    36.182359   4.62
 -75.742251    36.182359   4.62
 -75.742247    36.182358   4.62
