 -75.743802    36.187730   1.88
 -75.743794    36.187729   1.88
 -75.743787    36.187728   1.93
 -75.743779    36.187725   1.95
 -75.743755    36.187720   2.03
 -75.743743    36.187716   2.06
 -75.743728    36.187713   2.06
 -75.743719    36.187710   2.10
 -75.743710    36.187707   2.15
 -75.743700    36.187705   2.15
 -75.743690    36.187702   2.20
 -75.743680    36.187700   2.22
 -75.743670    36.187697   2.26
 -75.743660    36.187694   2.27
 -75.743651    36.187693   2.30
 -75.743641    36.187690   2.32
 -75.743630    36.187688   2.31
 -75.743621    36.187685   2.35
 -75.743611    36.187681   2.34
 -75.743602    36.187679   2.37
 -75.743594    36.187675   2.35
 -75.743585    36.187673   2.33
 -75.743576    36.187670   2.31
 -75.743566    36.187667   2.30
 -75.743559    36.187665   2.27
 -75.743551    36.187662   2.29
 -75.743541    36.187659   2.26
 -75.743533    36.187656   2.27
 -75.743524    36.187654   2.25
 -75.743515    36.187651   2.21
 -75.743506    36.187649   2.18
 -75.743492    36.187645   2.17
 -75.743481    36.187642   2.13
 -75.743469    36.187641   2.09
 -75.743460    36.187636   2.02
 -75.743449    36.187635   2.01
 -75.743436    36.187628   2.02
 -75.743427    36.187621   2.00
 -75.743417    36.187619   2.01
 -75.743405    36.187622   1.94
 -75.743396    36.187626   1.84
 -75.743391    36.187627   1.70
 -75.743386    36.187623   1.52
 -75.743385    36.187625   1.57
 -75.743365    36.187613   1.38
 -75.743358    36.187611   1.33
 -75.743348    36.187608   1.29
 -75.743330    36.187603   1.25
 -75.743316    36.187600   1.23
 -75.743304    36.187597   1.25
 -75.743291    36.187593   1.22
 -75.743280    36.187591   1.22
 -75.743270    36.187588   1.20
 -75.743259    36.187586   1.19
 -75.743249    36.187583   1.18
 -75.743238    36.187580   1.21
 -75.743228    36.187577   1.21
 -75.743218    36.187574   1.19
 -75.743208    36.187571   1.23
 -75.743197    36.187569   1.23
 -75.743187    36.187566   1.25
 -75.743177    36.187563   1.27
 -75.743166    36.187560   1.27
 -75.743156    36.187557   1.28
 -75.743146    36.187555   1.32
 -75.743136    36.187552   1.28
 -75.743126    36.187549   1.31
 -75.743116    36.187546   1.31
 -75.743106    36.187544   1.34
 -75.743097    36.187541   1.33
 -75.743088    36.187538   1.33
 -75.743079    36.187536   1.35
 -75.743070    36.187534   1.35
 -75.743060    36.187531   1.37
 -75.743051    36.187528   1.39
 -75.743040    36.187525   1.40
 -75.743030    36.187522   1.40
 -75.743020    36.187520   1.41
 -75.743011    36.187517   1.43
 -75.743002    36.187515   1.43
 -75.742993    36.187512   1.43
 -75.742974    36.187507   1.45
 -75.742965    36.187505   1.47
 -75.742937    36.187496   1.50
 -75.742915    36.187490   1.52
 -75.742905    36.187487   1.55
 -75.742895    36.187484   1.58
 -75.742885    36.187482   1.58
 -75.742866    36.187476   1.60
 -75.742856    36.187474   1.61
 -75.742847    36.187472   1.64
 -75.742838    36.187469   1.65
 -75.742829    36.187467   1.67
 -75.742820    36.187464   1.67
 -75.742809    36.187461   1.69
 -75.742800    36.187458   1.70
 -75.742789    36.187456   1.73
 -75.742779    36.187452   1.73
 -75.742769    36.187449   1.74
 -75.742757    36.187448   1.76
 -75.743957    36.187347   0.43
 -75.743948    36.187345   0.48
 -75.743940    36.187343   0.57
 -75.743930    36.187340   0.65
 -75.743921    36.187338   0.69
 -75.743910    36.187335   0.78
 -75.743900    36.187332   0.85
 -75.743889    36.187329   0.93
 -75.743879    36.187325   1.04
 -75.743850    36.187317   1.31
 -75.743842    36.187314   1.37
 -75.743832    36.187311   1.41
 -75.743822    36.187308   1.50
 -75.743813    36.187305   1.55
 -75.743803    36.187303   1.65
 -75.743795    36.187301   1.67
 -75.743780    36.187297   1.75
 -75.743772    36.187295   1.79
 -75.743764    36.187293   1.83
 -75.743757    36.187291   1.84
 -75.743747    36.187288   1.86
 -75.743738    36.187287   1.93
 -75.743728    36.187282   1.92
 -75.743721    36.187281   2.02
 -75.743713    36.187280   2.01
 -75.743703    36.187277   1.99
 -75.743696    36.187274   2.07
 -75.743688    36.187272   2.04
 -75.743681    36.187269   2.04
 -75.743672    36.187266   2.07
 -75.743663    36.187264   2.06
 -75.743656    36.187261   2.10
 -75.743647    36.187259   2.09
 -75.743638    36.187257   2.08
 -75.743621    36.187252   2.04
 -75.743614    36.187250   2.03
 -75.743606    36.187247   1.99
 -75.743597    36.187245   1.98
 -75.743588    36.187243   1.95
 -75.743579    36.187241   1.92
 -75.743570    36.187239   1.92
 -75.743563    36.187237   1.89
 -75.743555    36.187238   1.86
 -75.743545    36.187235   1.84
 -75.743539    36.187231   1.89
 -75.743539    36.187230   1.79
 -75.743538    36.187230   1.57
 -75.743533    36.187230   1.44
 -75.743500    36.187224   1.20
 -75.743491    36.187221   1.16
 -75.743482    36.187219   1.16
 -75.743469    36.187217   1.17
 -75.743457    36.187212   1.14
 -75.743445    36.187210   1.11
 -75.743434    36.187207   1.10
 -75.743425    36.187205   1.09
 -75.743416    36.187203   1.11
 -75.743407    36.187201   1.11
 -75.743399    36.187199   1.11
 -75.743389    36.187198   1.11
 -75.743381    36.187196   1.12
 -75.743371    36.187194   1.11
 -75.743362    36.187193   1.13
 -75.743353    36.187191   1.15
 -75.743343    36.187189   1.15
 -75.743337    36.187187   1.15
 -75.743331    36.187185   1.14
 -75.743322    36.187183   1.15
 -75.743313    36.187180   1.14
 -75.743303    36.187177   1.15
 -75.743293    36.187174   1.17
 -75.743285    36.187172   1.17
 -75.743275    36.187169   1.19
 -75.743265    36.187167   1.17
 -75.743256    36.187165   1.18
 -75.743247    36.187163   1.19
 -75.743239    36.187162   1.18
 -75.743228    36.187160   1.18
 -75.743219    36.187158   1.20
 -75.743209    36.187156   1.21
 -75.743199    36.187153   1.21
 -75.743189    36.187151   1.21
 -75.743180    36.187149   1.22
 -75.743170    36.187147   1.25
 -75.743160    36.187145   1.24
 -75.743151    36.187142   1.23
 -75.743141    36.187141   1.23
 -75.743133    36.187138   1.25
 -75.743104    36.187130   1.28
 -75.743095    36.187127   1.29
 -75.743085    36.187124   1.30
 -75.743075    36.187121   1.32
 -75.743065    36.187117   1.33
 -75.743058    36.187114   1.34
 -75.743050    36.187112   1.33
 -75.743042    36.187109   1.36
 -75.743033    36.187106   1.36
 -75.743023    36.187103   1.37
 -75.743013    36.187100   1.39
 -75.743003    36.187097   1.41
 -75.742992    36.187095   1.42
 -75.742982    36.187092   1.45
 -75.742972    36.187090   1.45
 -75.742965    36.187088   1.48
 -75.742959    36.187086   1.48
 -75.742949    36.187084   1.50
 -75.742939    36.187082   1.49
 -75.742929    36.187079   1.52
 -75.742918    36.187077   1.54
 -75.742908    36.187075   1.56
 -75.742898    36.187073   1.57
 -75.744115    36.186951   0.42
 -75.744107    36.186949   0.47
 -75.744099    36.186947   0.52
 -75.744093    36.186945   0.58
 -75.744085    36.186943   0.64
 -75.744076    36.186940   0.70
 -75.744068    36.186938   0.73
 -75.744059    36.186935   0.75
 -75.744050    36.186933   0.79
 -75.744042    36.186930   0.81
 -75.744034    36.186928   0.81
 -75.744025    36.186925   0.87
 -75.744018    36.186923   0.89
 -75.744010    36.186921   0.92
 -75.744001    36.186919   0.97
 -75.743993    36.186917   1.02
 -75.743983    36.186914   1.09
 -75.743973    36.186912   1.16
 -75.743962    36.186909   1.23
 -75.743951    36.186906   1.30
 -75.743940    36.186903   1.37
 -75.743931    36.186900   1.43
 -75.743920    36.186896   1.51
 -75.743911    36.186894   1.54
 -75.743897    36.186890   1.62
 -75.743888    36.186888   1.64
 -75.743878    36.186885   1.70
 -75.743869    36.186883   1.74
 -75.743861    36.186881   1.77
 -75.743851    36.186878   1.79
 -75.743842    36.186877   1.81
 -75.743832    36.186875   1.84
 -75.743824    36.186873   1.84
 -75.743816    36.186871   1.87
 -75.743808    36.186868   1.86
 -75.743781    36.186863   1.90
 -75.743772    36.186860   1.89
 -75.743763    36.186858   1.91
 -75.743753    36.186855   1.91
 -75.743744    36.186853   1.91
 -75.743735    36.186851   1.91
 -75.743725    36.186849   1.90
 -75.743715    36.186847   1.90
 -75.743706    36.186845   1.90
 -75.743696    36.186844   1.90
 -75.743687    36.186842   1.88
 -75.743678    36.186841   1.87
 -75.743667    36.186840   1.85
 -75.743659    36.186836   1.84
 -75.743649    36.186835   1.83
 -75.743632    36.186831   1.80
 -75.743623    36.186826   1.81
 -75.743613    36.186827   1.72
 -75.743606    36.186823   1.75
 -75.743597    36.186823   1.65
 -75.743585    36.186819   1.75
 -75.743569    36.186819   1.80
 -75.743561    36.186812   1.73
 -75.743554    36.186810   1.57
 -75.743550    36.186808   1.36
 -75.743548    36.186808   1.45
 -75.743541    36.186805   1.27
 -75.743534    36.186803   1.23
 -75.743528    36.186801   1.20
 -75.743522    36.186800   1.15
 -75.743512    36.186798   1.13
 -75.743506    36.186796   1.11
 -75.743497    36.186794   1.07
 -75.743482    36.186791   1.05
 -75.743468    36.186787   1.05
 -75.743455    36.186784   1.05
 -75.743444    36.186781   1.06
 -75.743432    36.186778   1.07
 -75.743420    36.186775   1.07
 -75.743408    36.186772   1.08
 -75.743397    36.186769   1.11
 -75.743366    36.186761   1.15
 -75.743356    36.186757   1.18
 -75.743346    36.186754   1.18
 -75.743337    36.186750   1.18
 -75.743329    36.186747   1.19
 -75.743320    36.186743   1.21
 -75.743311    36.186740   1.21
 -75.743301    36.186736   1.23
 -75.743291    36.186732   1.25
 -75.743281    36.186728   1.27
 -75.743271    36.186724   1.27
 -75.743261    36.186720   1.29
 -75.743252    36.186717   1.30
 -75.743243    36.186714   1.30
 -75.743233    36.186712   1.31
 -75.743224    36.186709   1.32
 -75.743215    36.186707   1.34
 -75.743205    36.186705   1.34
 -75.743195    36.186703   1.35
 -75.743185    36.186701   1.38
 -75.743174    36.186699   1.38
 -75.743164    36.186697   1.40
 -75.743154    36.186694   1.41
 -75.743144    36.186692   1.41
 -75.743134    36.186689   1.43
 -75.743124    36.186687   1.45
 -75.743114    36.186685   1.47
 -75.743104    36.186682   1.47
 -75.743094    36.186680   1.48
 -75.743085    36.186678   1.49
 -75.743075    36.186675   1.51
 -75.743065    36.186673   1.53
 -75.744280    36.186558   0.67
 -75.744272    36.186556   0.71
 -75.744262    36.186554   0.74
 -75.744254    36.186552   0.76
 -75.744251    36.186552   0.77
 -75.744243    36.186551   0.79
 -75.744235    36.186549   0.81
 -75.744226    36.186547   0.84
 -75.744217    36.186545   0.84
 -75.744208    36.186543   0.90
 -75.744199    36.186541   0.92
 -75.744191    36.186539   0.95
 -75.744182    36.186537   0.97
 -75.744174    36.186534   1.01
 -75.744165    36.186532   1.05
 -75.744156    36.186530   1.12
 -75.744146    36.186527   1.15
 -75.744137    36.186524   1.19
 -75.744126    36.186521   1.28
 -75.744117    36.186518   1.33
 -75.744107    36.186516   1.39
 -75.744097    36.186513   1.46
 -75.744087    36.186510   1.51
 -75.744078    36.186507   1.57
 -75.744069    36.186505   1.61
 -75.744059    36.186502   1.69
 -75.744049    36.186499   1.73
 -75.744034    36.186495   1.82
 -75.744024    36.186492   1.86
 -75.744015    36.186489   1.90
 -75.744007    36.186487   1.95
 -75.743998    36.186484   1.98
 -75.743972    36.186477   2.06
 -75.743964    36.186475   2.08
 -75.743955    36.186473   2.09
 -75.743947    36.186471   2.12
 -75.743938    36.186469   2.11
 -75.743929    36.186467   2.12
 -75.743920    36.186465   2.12
 -75.743912    36.186462   2.11
 -75.743903    36.186461   2.14
 -75.743894    36.186459   2.15
 -75.743886    36.186457   2.14
 -75.743877    36.186456   2.13
 -75.743867    36.186452   2.11
 -75.743860    36.186451   2.10
 -75.743851    36.186449   2.12
 -75.743842    36.186445   2.06
 -75.743837    36.186445   2.06
 -75.743819    36.186441   2.13
 -75.743813    36.186438   2.00
 -75.743805    36.186437   2.01
 -75.743793    36.186433   2.07
 -75.743787    36.186427   2.04
 -75.743776    36.186425   1.99
 -75.743766    36.186423   1.93
 -75.743757    36.186422   1.93
 -75.743746    36.186419   1.91
 -75.743739    36.186414   1.89
 -75.743729    36.186410   1.81
 -75.743721    36.186410   1.78
 -75.743720    36.186408   1.75
 -75.743712    36.186406   1.71
 -75.743708    36.186404   1.66
 -75.743697    36.186400   1.64
 -75.743690    36.186398   1.60
 -75.743679    36.186394   1.56
 -75.743668    36.186391   1.54
 -75.743658    36.186388   1.51
 -75.743648    36.186385   1.51
 -75.743639    36.186382   1.48
 -75.743628    36.186379   1.47
 -75.743598    36.186371   1.45
 -75.743587    36.186368   1.45
 -75.743577    36.186366   1.44
 -75.743567    36.186363   1.44
 -75.743557    36.186362   1.43
 -75.743547    36.186359   1.43
 -75.743538    36.186358   1.43
 -75.743529    36.186356   1.42
 -75.743520    36.186354   1.43
 -75.743509    36.186352   1.44
 -75.743499    36.186349   1.43
 -75.743487    36.186347   1.45
 -75.743476    36.186345   1.44
 -75.743467    36.186343   1.43
 -75.743458    36.186341   1.43
 -75.743449    36.186340   1.40
 -75.743440    36.186338   1.40
 -75.743432    36.186336   1.39
 -75.743422    36.186334   1.39
 -75.743414    36.186332   1.37
 -75.743405    36.186329   1.35
 -75.743397    36.186327   1.34
 -75.743387    36.186324   1.35
 -75.743378    36.186321   1.32
 -75.743367    36.186318   1.32
 -75.743356    36.186315   1.32
 -75.743347    36.186313   1.32
 -75.743338    36.186311   1.32
 -75.743329    36.186309   1.31
 -75.743320    36.186307   1.30
 -75.743310    36.186305   1.31
 -75.743301    36.186303   1.33
 -75.743291    36.186301   1.34
 -75.743280    36.186299   1.35
 -75.743271    36.186297   1.36
 -75.743262    36.186296   1.40
 -75.743253    36.186293   1.41
 -75.743241    36.186291   1.44
 -75.743230    36.186288   1.48
 -75.744356    36.186364   0.77
 -75.744348    36.186362   0.80
 -75.744340    36.186360   0.83
 -75.744331    36.186358   0.85
 -75.744322    36.186355   0.87
 -75.744314    36.186353   0.88
 -75.744306    36.186351   0.90
 -75.744299    36.186349   0.92
 -75.744291    36.186347   0.92
 -75.744285    36.186345   0.94
 -75.744281    36.186344   0.94
 -75.744272    36.186341   0.96
 -75.744264    36.186339   0.98
 -75.744256    36.186337   1.00
 -75.744248    36.186334   1.03
 -75.744241    36.186332   1.04
 -75.744233    36.186330   1.07
 -75.744226    36.186328   1.10
 -75.744218    36.186325   1.12
 -75.744213    36.186323   1.16
 -75.744190    36.186317   1.25
 -75.744182    36.186315   1.29
 -75.744173    36.186312   1.35
 -75.744166    36.186310   1.38
 -75.744159    36.186309   1.42
 -75.744152    36.186307   1.47
 -75.744145    36.186306   1.53
 -75.744140    36.186305   1.57
 -75.744132    36.186303   1.61
 -75.744124    36.186301   1.65
 -75.744117    36.186300   1.72
 -75.744108    36.186298   1.77
 -75.744099    36.186295   1.82
 -75.744092    36.186294   1.88
 -75.744083    36.186292   1.95
 -75.744078    36.186292   2.02
 -75.744073    36.186290   2.07
 -75.744063    36.186287   2.12
 -75.744055    36.186285   2.17
 -75.744040    36.186283   2.22
 -75.744034    36.186283   2.30
 -75.744027    36.186278   2.37
 -75.744020    36.186276   2.39
 -75.744015    36.186275   2.37
 -75.744007    36.186274   2.44
 -75.744002    36.186271   2.50
 -75.743998    36.186269   2.46
 -75.743994    36.186267   2.47
 -75.743989    36.186267   2.48
 -75.743982    36.186265   2.52
 -75.743976    36.186262   2.52
 -75.743969    36.186259   2.50
 -75.743962    36.186257   2.48
 -75.743955    36.186254   2.50
 -75.743948    36.186253   2.50
 -75.743940    36.186253   2.52
 -75.743933    36.186250   2.55
 -75.743927    36.186247   2.49
 -75.743922    36.186246   2.52
 -75.743921    36.186245   2.50
 -75.743905    36.186245   2.49
 -75.743899    36.186241   2.52
 -75.743893    36.186239   2.49
 -75.743887    36.186238   2.43
 -75.743882    36.186235   2.41
 -75.743875    36.186236   2.44
 -75.743869    36.186236   2.43
 -75.743864    36.186236   2.42
 -75.743861    36.186235   2.44
 -75.743858    36.186234   2.40
 -75.743853    36.186232   2.39
 -75.743848    36.186228   2.38
 -75.743840    36.186228   2.42
 -75.743833    36.186227   2.38
 -75.743826    36.186226   2.34
 -75.743819    36.186224   2.34
 -75.743813    36.186223   2.32
 -75.743808    36.186222   2.30
 -75.743804    36.186221   2.30
 -75.743800    36.186219   2.29
 -75.743795    36.186218   2.28
 -75.743788    36.186218   2.26
 -75.743782    36.186217   2.29
 -75.743776    36.186215   2.29
 -75.743769    36.186213   2.26
 -75.743761    36.186210   2.23
 -75.743754    36.186208   2.21
 -75.743746    36.186206   2.18
 -75.743739    36.186205   2.17
 -75.743734    36.186204   2.14
 -75.743729    36.186203   2.14
 -75.743725    36.186202   2.14
 -75.743719    36.186201   2.12
 -75.743713    36.186198   2.12
 -75.743707    36.186197   2.08
 -75.743701    36.186195   2.08
 -75.743695    36.186194   2.07
 -75.743690    36.186192   2.06
 -75.743684    36.186191   2.05
 -75.743680    36.186190   2.04
 -75.743666    36.186186   2.02
 -75.743661    36.186184   2.03
 -75.743655    36.186183   2.01
 -75.743650    36.186181   1.98
 -75.743643    36.186179   1.98
 -75.743637    36.186177   1.97
 -75.743633    36.186176   1.96
 -75.743630    36.186175   1.95
 -75.743624    36.186174   1.96
 -75.743618    36.186172   1.95
 -75.743610    36.186169   1.94
 -75.743603    36.186167   1.92
 -75.743597    36.186166   1.92
 -75.743591    36.186164   1.91
 -75.743585    36.186162   1.91
 -75.743580    36.186160   1.88
 -75.743574    36.186159   1.89
 -75.743568    36.186157   1.88
 -75.743562    36.186155   1.88
 -75.743557    36.186154   1.87
 -75.743552    36.186152   1.87
 -75.743548    36.186151   1.85
 -75.743543    36.186149   1.86
 -75.743537    36.186147   1.85
 -75.743530    36.186145   1.84
 -75.743523    36.186143   1.83
 -75.743516    36.186141   1.83
 -75.743510    36.186140   1.83
 -75.743504    36.186138   1.82
 -75.743500    36.186137   1.81
 -75.743498    36.186137   1.81
 -75.743496    36.186136   1.80
 -75.743493    36.186135   1.80
 -75.743487    36.186133   1.79
 -75.743478    36.186130   1.78
 -75.743472    36.186130   1.77
 -75.743464    36.186128   1.78
 -75.743461    36.186127   1.78
 -75.743455    36.186126   1.76
 -75.743442    36.186124   1.68
 -75.743437    36.186123   1.68
 -75.743430    36.186123   1.68
 -75.743423    36.186124   1.68
 -75.743416    36.186116   1.76
 -75.743400    36.186112   1.91
 -75.743394    36.186109   1.90
 -75.743389    36.186106   1.88
 -75.743386    36.186106   2.10
 -75.743386    36.186105   1.94
 -75.743383    36.186105   2.17
 -75.743376    36.186103   2.18
 -75.743366    36.186104   2.18
 -75.743361    36.186104   2.22
 -75.743355    36.186101   2.19
 -75.743349    36.186100   2.20
 -75.743345    36.186098   2.16
 -75.743340    36.186096   2.15
 -75.743338    36.186097   2.15
 -75.743334    36.186097   2.15
 -75.743330    36.186094   2.14
 -75.743322    36.186091   2.18
 -75.743313    36.186087   2.17
 -75.743303    36.186085   2.15
 -75.744435    36.186172   0.88
 -75.744429    36.186171   0.89
 -75.744421    36.186168   0.92
 -75.744413    36.186166   0.91
 -75.744406    36.186164   0.92
 -75.744397    36.186162   0.93
 -75.744390    36.186160   0.95
 -75.744381    36.186158   0.97
 -75.744377    36.186157   0.98
 -75.744370    36.186155   0.99
 -75.744361    36.186153   1.02
 -75.744353    36.186151   1.04
 -75.744345    36.186150   1.07
 -75.744337    36.186148   1.08
 -75.744328    36.186146   1.10
 -75.744320    36.186144   1.13
 -75.744311    36.186142   1.15
 -75.744302    36.186141   1.20
 -75.744294    36.186138   1.24
 -75.744285    36.186136   1.28
 -75.744276    36.186134   1.31
 -75.744268    36.186133   1.32
 -75.744260    36.186131   1.38
 -75.744253    36.186129   1.42
 -75.744245    36.186127   1.47
 -75.744237    36.186125   1.50
 -75.744228    36.186123   1.55
 -75.744219    36.186121   1.60
 -75.744211    36.186118   1.65
 -75.744202    36.186116   1.71
 -75.744193    36.186114   1.76
 -75.744185    36.186111   1.79
 -75.744177    36.186110   1.87
 -75.744171    36.186108   1.93
 -75.744163    36.186105   2.00
 -75.744155    36.186103   2.08
 -75.744146    36.186101   2.16
 -75.744104    36.186090   2.44
 -75.744095    36.186088   2.50
 -75.744087    36.186085   2.53
 -75.744080    36.186084   2.57
 -75.744072    36.186082   2.60
 -75.744065    36.186080   2.62
 -75.744058    36.186078   2.64
 -75.744051    36.186076   2.66
 -75.744043    36.186074   2.66
 -75.744037    36.186072   2.68
 -75.744029    36.186070   2.69
 -75.744022    36.186068   2.70
 -75.744014    36.186066   2.70
 -75.744006    36.186064   2.71
 -75.743999    36.186061   2.73
 -75.743992    36.186059   2.73
 -75.743984    36.186057   2.73
 -75.743977    36.186055   2.74
 -75.743968    36.186053   2.74
 -75.743960    36.186050   2.75
 -75.743952    36.186048   2.76
 -75.743944    36.186045   2.75
 -75.743935    36.186043   2.75
 -75.743927    36.186041   2.77
 -75.743918    36.186039   2.75
 -75.743911    36.186037   2.77
 -75.743903    36.186035   2.77
 -75.743895    36.186033   2.77
 -75.743887    36.186031   2.77
 -75.743878    36.186029   2.79
 -75.743869    36.186027   2.79
 -75.743861    36.186024   2.79
 -75.743852    36.186022   2.79
 -75.743844    36.186019   2.79
 -75.743836    36.186017   2.79
 -75.743827    36.186014   2.79
 -75.743819    36.186012   2.79
 -75.743811    36.186010   2.83
 -75.743803    36.186006   2.78
 -75.743795    36.186005   2.83
 -75.743771    36.185995   2.92
 -75.743765    36.185990   2.91
 -75.743756    36.185988   2.90
 -75.743747    36.185988   2.91
 -75.743740    36.185984   2.83
 -75.743730    36.185987   2.83
 -75.743723    36.185980   2.87
 -75.743718    36.185973   2.91
 -75.743708    36.185973   2.97
 -75.743698    36.185975   2.94
 -75.743689    36.185974   2.90
 -75.743682    36.185973   2.95
 -75.743674    36.185970   2.97
 -75.743665    36.185967   2.94
 -75.743658    36.185964   2.96
 -75.743650    36.185963   2.96
 -75.743640    36.185960   2.95
 -75.743631    36.185958   2.94
 -75.743624    36.185957   2.93
 -75.743614    36.185955   2.95
 -75.743606    36.185955   2.93
 -75.743593    36.185952   2.89
 -75.743586    36.185950   2.85
 -75.743585    36.185948   2.79
 -75.743579    36.185944   2.81
 -75.743569    36.185944   2.79
 -75.743564    36.185942   2.74
 -75.743558    36.185938   2.69
 -75.743552    36.185934   2.71
 -75.743545    36.185930   2.75
 -75.743535    36.185930   2.83
 -75.743524    36.185933   2.84
 -75.743515    36.185932   2.84
 -75.743508    36.185931   2.82
 -75.743499    36.185929   2.81
 -75.743491    36.185926   2.83
 -75.743480    36.185923   2.83
 -75.743468    36.185919   2.80
 -75.743463    36.185917   2.84
 -75.743453    36.185915   2.84
 -75.743431    36.185909   2.87
 -75.743424    36.185907   2.88
 -75.743416    36.185906   2.88
 -75.743408    36.185904   2.89
 -75.743400    36.185901   2.90
 -75.743392    36.185898   2.92
 -75.743383    36.185895   2.94
 -75.744519    36.185974   0.88
 -75.744517    36.185973   0.88
 -75.744513    36.185972   0.84
 -75.744508    36.185970   0.88
 -75.744500    36.185968   0.87
 -75.744492    36.185965   0.87
 -75.744484    36.185963   0.87
 -75.744477    36.185961   0.87
 -75.744472    36.185959   0.87
 -75.744468    36.185959   0.88
 -75.744462    36.185957   0.89
 -75.744457    36.185956   0.91
 -75.744451    36.185954   0.92
 -75.744444    36.185952   0.93
 -75.744437    36.185950   0.95
 -75.744430    36.185949   0.95
 -75.744424    36.185947   0.96
 -75.744420    36.185946   0.98
 -75.744417    36.185945   1.01
 -75.744414    36.185945   1.01
 -75.744411    36.185944   1.02
 -75.744407    36.185943   1.04
 -75.744400    36.185941   1.04
 -75.744398    36.185941   1.05
 -75.744391    36.185939   1.07
 -75.744384    36.185937   1.08
 -75.744367    36.185933   1.15
 -75.744364    36.185933   1.15
 -75.744361    36.185932   1.16
 -75.744357    36.185931   1.17
 -75.744352    36.185930   1.19
 -75.744345    36.185928   1.21
 -75.744336    36.185926   1.23
 -75.744329    36.185924   1.24
 -75.744322    36.185922   1.28
 -75.744316    36.185921   1.31
 -75.744310    36.185919   1.34
 -75.744305    36.185918   1.36
 -75.744300    36.185917   1.39
 -75.744294    36.185915   1.43
 -75.744289    36.185914   1.46
 -75.744283    36.185912   1.50
 -75.744277    36.185910   1.54
 -75.744271    36.185909   1.58
 -75.744265    36.185907   1.63
 -75.744258    36.185905   1.67
 -75.744251    36.185904   1.72
 -75.744245    36.185902   1.75
 -75.744238    36.185900   1.80
 -75.744233    36.185899   1.85
 -75.744227    36.185898   1.90
 -75.744222    36.185897   1.93
 -75.744216    36.185895   1.99
 -75.744210    36.185893   2.03
 -75.744203    36.185892   2.06
 -75.744196    36.185890   2.12
 -75.744189    36.185888   2.16
 -75.744183    36.185887   2.19
 -75.744177    36.185885   2.25
 -75.744171    36.185884   2.28
 -75.744166    36.185882   2.30
 -75.744159    36.185881   2.33
 -75.744152    36.185879   2.38
 -75.744145    36.185877   2.40
 -75.744139    36.185876   2.43
 -75.744129    36.185873   2.47
 -75.744123    36.185872   2.51
 -75.744109    36.185868   2.56
 -75.744104    36.185867   2.59
 -75.744098    36.185865   2.61
 -75.744092    36.185864   2.61
 -75.744086    36.185862   2.63
 -75.744080    36.185861   2.66
 -75.744075    36.185860   2.66
 -75.744070    36.185859   2.68
 -75.744067    36.185858   2.69
 -75.744064    36.185857   2.70
 -75.744059    36.185856   2.72
 -75.744053    36.185854   2.73
 -75.744047    36.185852   2.73
 -75.744042    36.185850   2.75
 -75.744037    36.185849   2.75
 -75.744032    36.185847   2.75
 -75.744025    36.185845   2.75
 -75.744022    36.185844   2.73
 -75.744020    36.185844   2.74
 -75.744018    36.185843   2.74
 -75.744015    36.185842   2.75
 -75.744008    36.185840   2.74
 -75.744001    36.185837   2.74
 -75.743994    36.185835   2.74
 -75.743989    36.185834   2.74
 -75.743986    36.185832   2.74
 -75.743982    36.185831   2.72
 -75.743979    36.185831   2.72
 -75.743975    36.185830   2.73
 -75.743970    36.185828   2.74
 -75.743963    36.185826   2.73
 -75.743958    36.185824   2.71
 -75.743955    36.185825   2.70
 -75.743949    36.185825   2.71
 -75.743945    36.185824   2.75
 -75.743941    36.185823   2.76
 -75.743935    36.185822   2.76
 -75.743927    36.185820   2.76
 -75.743922    36.185819   2.78
 -75.743905    36.185815   2.77
 -75.743902    36.185812   2.73
 -75.743900    36.185812   2.77
 -75.743899    36.185811   2.70
 -75.743895    36.185810   2.66
 -75.743890    36.185810   2.65
 -75.743884    36.185809   2.69
 -75.743880    36.185807   2.71
 -75.743878    36.185805   2.70
 -75.743876    36.185805   2.69
 -75.743870    36.185805   2.69
 -75.743865    36.185804   2.74
 -75.743860    36.185803   2.72
 -75.743857    36.185802   2.71
 -75.743847    36.185799   2.75
 -75.743844    36.185798   2.78
 -75.743842    36.185799   2.77
 -75.743839    36.185800   2.78
 -75.743835    36.185799   2.81
 -75.743827    36.185796   2.91
 -75.743819    36.185795   3.01
 -75.743815    36.185794   3.02
 -75.743812    36.185791   3.06
 -75.743808    36.185788   3.07
 -75.743802    36.185783   3.12
 -75.743788    36.185780   3.16
 -75.743782    36.185778   3.13
 -75.743777    36.185777   3.14
 -75.743775    36.185777   3.13
 -75.743776    36.185773   3.12
 -75.743772    36.185772   3.14
 -75.743769    36.185771   3.12
 -75.743766    36.185771   3.10
 -75.743763    36.185770   3.08
 -75.743761    36.185769   3.04
 -75.743756    36.185769   3.01
 -75.743747    36.185769   2.98
 -75.743743    36.185770   2.95
 -75.743736    36.185769   2.94
 -75.743721    36.185766   2.89
 -75.743719    36.185765   2.87
 -75.743720    36.185762   2.81
 -75.743718    36.185761   2.80
 -75.743715    36.185759   2.76
 -75.743712    36.185759   2.71
 -75.743706    36.185761   2.72
 -75.743697    36.185766   2.79
 -75.743685    36.185764   2.99
 -75.743677    36.185761   3.07
 -75.743669    36.185758   3.13
 -75.743667    36.185755   3.12
 -75.743666    36.185754   3.12
 -75.743663    36.185751   3.13
 -75.743660    36.185748   3.15
 -75.743658    36.185743   3.20
 -75.743652    36.185741   3.27
 -75.743647    36.185741   3.33
 -75.743644    36.185742   3.31
 -75.743640    36.185743   3.29
 -75.743638    36.185741   3.25
 -75.743637    36.185737   3.26
 -75.743634    36.185733   3.31
 -75.743629    36.185730   3.36
 -75.743625    36.185729   3.38
 -75.743619    36.185728   3.38
 -75.743615    36.185728   3.38
 -75.743611    36.185727   3.38
 -75.743608    36.185726   3.38
 -75.743605    36.185725   3.38
 -75.743603    36.185724   3.37
 -75.743599    36.185723   3.37
 -75.743594    36.185722   3.38
 -75.743590    36.185721   3.37
 -75.743585    36.185719   3.37
 -75.743579    36.185717   3.36
 -75.743561    36.185713   3.35
 -75.743558    36.185712   3.35
 -75.743555    36.185712   3.34
 -75.743550    36.185711   3.35
 -75.743546    36.185710   3.34
 -75.743541    36.185710   3.34
 -75.743536    36.185708   3.34
 -75.743534    36.185708   3.33
 -75.743531    36.185707   3.35
 -75.743527    36.185707   3.33
 -75.743524    36.185706   3.33
 -75.743520    36.185705   3.33
 -75.743516    36.185704   3.33
 -75.743512    36.185703   3.33
 -75.743509    36.185702   3.31
 -75.743507    36.185702   3.33
 -75.743502    36.185701   3.33
 -75.743495    36.185699   3.33
 -75.743489    36.185698   3.30
 -75.743485    36.185698   3.28
 -75.743483    36.185697   3.25
 -75.743480    36.185698   3.20
 -75.743477    36.185698   3.17
 -75.743475    36.185697   3.18
 -75.743472    36.185697   3.16
 -75.743469    36.185696   3.16
 -75.743468    36.185692   3.15
 -75.743466    36.185691   3.19
 -75.743463    36.185689   3.22
 -75.744587    36.185782   1.04
 -75.744578    36.185779   1.05
 -75.744569    36.185776   1.07
 -75.744560    36.185774   1.09
 -75.744551    36.185771   1.12
 -75.744542    36.185769   1.13
 -75.744533    36.185767   1.16
 -75.744525    36.185765   1.17
 -75.744516    36.185763   1.20
 -75.744483    36.185755   1.29
 -75.744474    36.185752   1.31
 -75.744471    36.185752   1.32
 -75.744462    36.185749   1.35
 -75.744453    36.185746   1.40
 -75.744444    36.185744   1.43
 -75.744429    36.185740   1.47
 -75.744426    36.185739   1.48
 -75.744418    36.185736   1.51
 -75.744409    36.185734   1.54
 -75.744401    36.185731   1.55
 -75.744393    36.185729   1.58
 -75.744385    36.185727   1.61
 -75.744378    36.185725   1.64
 -75.744371    36.185722   1.67
 -75.744363    36.185720   1.71
 -75.744350    36.185716   1.75
 -75.744341    36.185714   1.76
 -75.744332    36.185711   1.80
 -75.744322    36.185709   1.83
 -75.744313    36.185706   1.86
 -75.744305    36.185704   1.88
 -75.744296    36.185702   1.92
 -75.744288    36.185700   1.95
 -75.744279    36.185699   1.97
 -75.744270    36.185697   2.01
 -75.744262    36.185695   2.02
 -75.744254    36.185693   2.06
 -75.744245    36.185690   2.07
 -75.744237    36.185688   2.09
 -75.744228    36.185686   2.12
 -75.744219    36.185684   2.13
 -75.744217    36.185683   2.13
 -75.744209    36.185681   2.15
 -75.744197    36.185677   2.17
 -75.744190    36.185675   2.18
 -75.744188    36.185674   2.17
 -75.744175    36.185671   2.22
 -75.744168    36.185668   2.27
 -75.744162    36.185664   2.28
 -75.744147    36.185663   2.29
 -75.744142    36.185659   2.26
 -75.744130    36.185657   2.35
 -75.744124    36.185656   2.45
 -75.744118    36.185652   2.47
 -75.744112    36.185651   2.48
 -75.744107    36.185649   2.47
 -75.744101    36.185648   2.44
 -75.744095    36.185651   2.49
 -75.744090    36.185648   2.51
 -75.744084    36.185646   2.52
 -75.744078    36.185645   2.54
 -75.744071    36.185644   2.55
 -75.744064    36.185641   2.57
 -75.744057    36.185640   2.59
 -75.744052    36.185638   2.60
 -75.744048    36.185637   2.60
 -75.744045    36.185636   2.58
 -75.744044    36.185636   2.60
 -75.744043    36.185636   2.59
 -75.744041    36.185635   2.60
 -75.744039    36.185635   2.60
 -75.744032    36.185632   2.61
 -75.744027    36.185631   2.60
 -75.744019    36.185632   2.62
 -75.744010    36.185628   2.60
 -75.744004    36.185629   2.60
 -75.743994    36.185627   2.70
 -75.743986    36.185622   2.74
 -75.743975    36.185620   2.81
 -75.743967    36.185617   2.77
 -75.743958    36.185619   2.87
 -75.743944    36.185614   2.92
 -75.743936    36.185611   2.94
 -75.743929    36.185607   3.06
 -75.743920    36.185602   3.19
 -75.743906    36.185592   3.18
 -75.743900    36.185592   3.22
 -75.743889    36.185588   3.27
 -75.743880    36.185585   3.29
 -75.743858    36.185580   3.25
 -75.743851    36.185579   3.17
 -75.743846    36.185580   3.15
 -75.743844    36.185581   3.09
 -75.743840    36.185572   3.01
 -75.743835    36.185571   3.02
 -75.743827    36.185573   2.94
 -75.743820    36.185571   2.89
 -75.743816    36.185567   2.90
 -75.743808    36.185565   2.87
 -75.743798    36.185565   2.79
 -75.743791    36.185560   2.81
 -75.743776    36.185561   2.81
 -75.743766    36.185560   2.82
 -75.743759    36.185558   2.85
 -75.743751    36.185557   2.87
 -75.743743    36.185550   2.89
 -75.743731    36.185550   2.85
 -75.743722    36.185548   2.72
 -75.743712    36.185549   2.76
 -75.743702    36.185547   2.85
 -75.743696    36.185548   2.83
 -75.743688    36.185548   2.86
 -75.743678    36.185537   2.95
 -75.743676    36.185529   2.98
 -75.743665    36.185529   3.05
 -75.743653    36.185525   3.03
 -75.743647    36.185526   2.96
 -75.743643    36.185529   2.85
 -75.743640    36.185524   2.87
 -75.743626    36.185524   2.96
 -75.743615    36.185526   3.03
 -75.743611    36.185527   3.01
 -75.743602    36.185527   3.03
 -75.743595    36.185525   2.99
 -75.743582    36.185524   3.06
 -75.743572    36.185520   3.06
 -75.743563    36.185515   3.12
 -75.743552    36.185510   3.23
 -75.743539    36.185503   3.34
 -75.744682    36.185572   0.86
 -75.744673    36.185570   0.88
 -75.744664    36.185569   0.91
 -75.744655    36.185566   0.93
 -75.744646    36.185565   0.96
 -75.744636    36.185563   0.99
 -75.744627    36.185561   1.02
 -75.744618    36.185560   1.05
 -75.744611    36.185559   1.07
 -75.744602    36.185558   1.09
 -75.744593    36.185557   1.12
 -75.744584    36.185555   1.15
 -75.744574    36.185554   1.18
 -75.744566    36.185553   1.20
 -75.744557    36.185552   1.22
 -75.744549    36.185551   1.24
 -75.744540    36.185549   1.27
 -75.744532    36.185548   1.29
 -75.744524    36.185546   1.31
 -75.744499    36.185541   1.38
 -75.744490    36.185538   1.39
 -75.744481    36.185537   1.41
 -75.744473    36.185534   1.42
 -75.744465    36.185532   1.45
 -75.744456    36.185530   1.47
 -75.744447    36.185528   1.50
 -75.744438    36.185526   1.51
 -75.744435    36.185525   1.53
 -75.744425    36.185522   1.56
 -75.744410    36.185518   1.61
 -75.744405    36.185517   1.61
 -75.744395    36.185515   1.66
 -75.744386    36.185512   1.67
 -75.744376    36.185511   1.72
 -75.744367    36.185508   1.74
 -75.744358    36.185506   1.78
 -75.744349    36.185505   1.80
 -75.744342    36.185503   1.84
 -75.744333    36.185502   1.87
 -75.744324    36.185498   1.89
 -75.744314    36.185495   1.93
 -75.744303    36.185492   1.97
 -75.744293    36.185489   2.01
 -75.744278    36.185485   2.06
 -75.744269    36.185481   2.10
 -75.744260    36.185477   2.15
 -75.744253    36.185476   2.21
 -75.744246    36.185474   2.24
 -75.744237    36.185472   2.27
 -75.744228    36.185470   2.30
 -75.744218    36.185468   2.31
 -75.744208    36.185466   2.32
 -75.744200    36.185464   2.33
 -75.744193    36.185463   2.33
 -75.744186    36.185462   2.35
 -75.744178    36.185460   2.38
 -75.744169    36.185458   2.37
 -75.744159    36.185455   2.37
 -75.744150    36.185453   2.38
 -75.744141    36.185450   2.39
 -75.744114    36.185443   2.44
 -75.744107    36.185441   2.43
 -75.744099    36.185439   2.41
 -75.744090    36.185437   2.41
 -75.744080    36.185436   2.39
 -75.744069    36.185436   2.46
 -75.744060    36.185433   2.46
 -75.744053    36.185429   2.46
 -75.744045    36.185426   2.42
 -75.744036    36.185423   2.41
 -75.744027    36.185421   2.41
 -75.744018    36.185419   2.41
 -75.744009    36.185417   2.41
 -75.744001    36.185416   2.42
 -75.743993    36.185413   2.43
 -75.743984    36.185410   2.44
 -75.743974    36.185406   2.47
 -75.743974    36.185405   2.46
 -75.743964    36.185403   2.49
 -75.743959    36.185402   2.46
 -75.743951    36.185401   2.45
 -75.743941    36.185400   2.47
 -75.743931    36.185398   2.48
 -75.743918    36.185395   2.55
 -75.743900    36.185392   2.63
 -75.743883    36.185387   2.76
 -75.743862    36.185383   3.12
 -75.743854    36.185380   3.36
 -75.743848    36.185377   3.40
 -75.743842    36.185371   3.38
 -75.743836    36.185367   3.44
 -75.743829    36.185365   3.46
 -75.743822    36.185363   3.41
 -75.743817    36.185364   3.38
 -75.743812    36.185366   3.30
 -75.743810    36.185364   3.18
 -75.743807    36.185361   3.16
 -75.743796    36.185353   3.19
 -75.743786    36.185345   3.28
 -75.743775    36.185339   3.35
 -75.743748    36.185333   3.30
 -75.743743    36.185331   3.35
 -75.743735    36.185326   3.37
 -75.743729    36.185324   3.40
 -75.743724    36.185322   3.40
 -75.743716    36.185320   3.40
 -75.743710    36.185319   3.40
 -75.743701    36.185316   3.36
 -75.743692    36.185314   3.35
 -75.743684    36.185314   3.31
 -75.743675    36.185310   3.26
 -75.743667    36.185306   3.29
 -75.743659    36.185304   3.30
 -75.743650    36.185302   3.28
 -75.743641    36.185300   3.25
 -75.743632    36.185298   3.23
 -75.743624    36.185298   3.21
 -75.744747    36.185392   1.05
 -75.744738    36.185389   1.09
 -75.744729    36.185387   1.12
 -75.744719    36.185384   1.12
 -75.744711    36.185382   1.16
 -75.744703    36.185380   1.18
 -75.744695    36.185378   1.21
 -75.744686    36.185375   1.24
 -75.744678    36.185373   1.26
 -75.744670    36.185371   1.28
 -75.744662    36.185369   1.29
 -75.744654    36.185367   1.31
 -75.744644    36.185364   1.35
 -75.744634    36.185361   1.38
 -75.744624    36.185358   1.40
 -75.744615    36.185356   1.42
 -75.744607    36.185353   1.44
 -75.744598    36.185351   1.45
 -75.744590    36.185348   1.47
 -75.744587    36.185347   1.48
 -75.744579    36.185345   1.50
 -75.744571    36.185343   1.53
 -75.744563    36.185340   1.54
 -75.744554    36.185338   1.56
 -75.744545    36.185334   1.61
 -75.744536    36.185332   1.64
 -75.744527    36.185328   1.68
 -75.744512    36.185324   1.73
 -75.744508    36.185323   1.74
 -75.744499    36.185320   1.78
 -75.744486    36.185316   1.82
 -75.744477    36.185313   1.85
 -75.744469    36.185311   1.89
 -75.744460    36.185308   1.92
 -75.744452    36.185306   1.95
 -75.744443    36.185304   1.97
 -75.744434    36.185301   2.00
 -75.744407    36.185293   2.08
 -75.744398    36.185291   2.10
 -75.744389    36.185289   2.13
 -75.744380    36.185287   2.16
 -75.744372    36.185284   2.18
 -75.744364    36.185283   2.21
 -75.744355    36.185281   2.24
 -75.744347    36.185279   2.26
 -75.744338    36.185277   2.29
 -75.744329    36.185274   2.31
 -75.744319    36.185272   2.34
 -75.744315    36.185271   2.35
 -75.744305    36.185269   2.38
 -75.744298    36.185267   2.40
 -75.744291    36.185265   2.43
 -75.744284    36.185263   2.43
 -75.744277    36.185261   2.46
 -75.744270    36.185259   2.47
 -75.744262    36.185257   2.49
 -75.744254    36.185255   2.50
 -75.744246    36.185251   2.56
 -75.744236    36.185251   2.54
 -75.744227    36.185245   2.68
 -75.744218    36.185247   2.68
 -75.744209    36.185244   2.76
 -75.744199    36.185242   2.92
 -75.744187    36.185244   3.02
 -75.744175    36.185243   3.15
 -75.744162    36.185244   3.19
 -75.744148    36.185241   3.24
 -75.744138    36.185240   3.30
 -75.744129    36.185239   3.35
 -75.744119    36.185236   3.42
 -75.744110    36.185233   3.55
 -75.744101    36.185227   3.65
 -75.744087    36.185218   3.69
 -75.744078    36.185212   3.69
 -75.744072    36.185210   3.50
 -75.744071    36.185210   3.63
 -75.744067    36.185213   3.43
 -75.744044    36.185206   3.43
 -75.744036    36.185203   3.41
 -75.744032    36.185202   3.39
 -75.744018    36.185199   3.40
 -75.744009    36.185196   3.40
 -75.744005    36.185194   3.36
 -75.743997    36.185192   3.33
 -75.743988    36.185191   3.27
 -75.743981    36.185187   3.22
 -75.743973    36.185184   3.16
 -75.743966    36.185180   3.15
 -75.743957    36.185178   3.12
 -75.743948    36.185176   3.09
 -75.743938    36.185172   3.10
 -75.743929    36.185170   3.09
 -75.743916    36.185168   3.07
 -75.743906    36.185166   3.07
 -75.743898    36.185164   3.08
 -75.743888    36.185162   3.08
 -75.743878    36.185160   3.08
 -75.743870    36.185158   3.08
 -75.743861    36.185156   3.08
 -75.743852    36.185154   3.10
 -75.743842    36.185152   3.11
 -75.743833    36.185150   3.10
 -75.743824    36.185148   3.13
 -75.743814    36.185145   3.13
 -75.743805    36.185143   3.15
 -75.743795    36.185141   3.16
 -75.743786    36.185138   3.16
 -75.743777    36.185136   3.17
 -75.743768    36.185134   3.18
 -75.743759    36.185131   3.19
 -75.743749    36.185129   3.20
 -75.743741    36.185127   3.21
 -75.743732    36.185124   3.21
 -75.743723    36.185122   3.21
 -75.743715    36.185120   3.21
 -75.743706    36.185118   3.20
 -75.743698    36.185116   3.18
 -75.744827    36.185219   0.89
 -75.744819    36.185218   0.92
 -75.744810    36.185216   0.93
 -75.744801    36.185215   0.96
 -75.744796    36.185214   0.98
 -75.744781    36.185211   1.01
 -75.744772    36.185210   1.05
 -75.744763    36.185208   1.09
 -75.744754    36.185206   1.11
 -75.744747    36.185204   1.14
 -75.744740    36.185201   1.15
 -75.744715    36.185193   1.24
 -75.744707    36.185190   1.25
 -75.744698    36.185187   1.29
 -75.744689    36.185184   1.31
 -75.744680    36.185182   1.33
 -75.744671    36.185179   1.36
 -75.744662    36.185177   1.38
 -75.744654    36.185175   1.41
 -75.744652    36.185174   1.42
 -75.744639    36.185170   1.47
 -75.744634    36.185170   1.48
 -75.744625    36.185167   1.51
 -75.744616    36.185165   1.54
 -75.744607    36.185164   1.57
 -75.744599    36.185162   1.59
 -75.744591    36.185159   1.62
 -75.744581    36.185157   1.65
 -75.744573    36.185155   1.67
 -75.744566    36.185152   1.70
 -75.744557    36.185150   1.75
 -75.744549    36.185147   1.77
 -75.744540    36.185145   1.80
 -75.744531    36.185142   1.83
 -75.744522    36.185139   1.87
 -75.744514    36.185137   1.90
 -75.744501    36.185132   1.96
 -75.744493    36.185129   1.99
 -75.744484    36.185126   2.01
 -75.744477    36.185124   2.04
 -75.744469    36.185121   2.08
 -75.744461    36.185118   2.10
 -75.744452    36.185115   2.13
 -75.744443    36.185112   2.17
 -75.744435    36.185109   2.19
 -75.744427    36.185106   2.21
 -75.744419    36.185104   2.25
 -75.744411    36.185102   2.26
 -75.744403    36.185100   2.28
 -75.744394    36.185098   2.30
 -75.744385    36.185096   2.33
 -75.744361    36.185089   2.38
 -75.744352    36.185087   2.40
 -75.744343    36.185084   2.42
 -75.744335    36.185082   2.43
 -75.744327    36.185079   2.46
 -75.744317    36.185077   2.48
 -75.744309    36.185074   2.51
 -75.744300    36.185072   2.53
 -75.744291    36.185071   2.57
 -75.744282    36.185069   2.58
 -75.744273    36.185067   2.60
 -75.744265    36.185065   2.62
 -75.744256    36.185063   2.63
 -75.744249    36.185062   2.64
 -75.744241    36.185060   2.65
 -75.744232    36.185059   2.67
 -75.744223    36.185056   2.68
 -75.744215    36.185054   2.69
 -75.744206    36.185052   2.71
 -75.744197    36.185049   2.73
 -75.744189    36.185046   2.73
 -75.744180    36.185044   2.76
 -75.744172    36.185042   2.79
 -75.744164    36.185040   2.79
 -75.744157    36.185037   2.82
 -75.744148    36.185035   2.84
 -75.744138    36.185032   2.85
 -75.744129    36.185030   2.89
 -75.744120    36.185027   2.91
 -75.744111    36.185025   2.93
 -75.744103    36.185022   2.95
 -75.744095    36.185020   2.97
 -75.744086    36.185018   3.00
 -75.744078    36.185016   3.02
 -75.744070    36.185015   3.03
 -75.744061    36.185013   3.05
 -75.744052    36.185011   3.06
 -75.744043    36.185009   3.08
 -75.744034    36.185007   3.11
 -75.744027    36.185005   3.13
 -75.743993    36.184996   3.22
 -75.743985    36.184993   3.23
 -75.743976    36.184991   3.25
 -75.743968    36.184989   3.26
 -75.743960    36.184986   3.27
 -75.743952    36.184983   3.27
 -75.743944    36.184981   3.29
 -75.743937    36.184979   3.28
 -75.743930    36.184977   3.27
 -75.743922    36.184974   3.27
 -75.743914    36.184971   3.27
 -75.743905    36.184969   3.27
 -75.743897    36.184967   3.25
 -75.743889    36.184964   3.24
 -75.743881    36.184962   3.24
 -75.743873    36.184960   3.23
 -75.743864    36.184957   3.21
 -75.743857    36.184955   3.21
 -75.743849    36.184953   3.19
 -75.743842    36.184951   3.18
 -75.743833    36.184949   3.17
 -75.743824    36.184947   3.17
 -75.743816    36.184945   3.16
 -75.743806    36.184943   3.16
 -75.743798    36.184941   3.15
 -75.743789    36.184939   3.16
 -75.743780    36.184937   3.16
 -75.743772    36.184935   3.15
 -75.744945    36.184921   1.12
 -75.744931    36.184917   1.17
 -75.744927    36.184916   1.20
 -75.744918    36.184914   1.21
 -75.744909    36.184911   1.25
 -75.744900    36.184909   1.27
 -75.744891    36.184907   1.30
 -75.744883    36.184904   1.33
 -75.744874    36.184902   1.36
 -75.744865    36.184900   1.40
 -75.744856    36.184897   1.43
 -75.744847    36.184895   1.46
 -75.744838    36.184893   1.50
 -75.744829    36.184890   1.54
 -75.744820    36.184888   1.57
 -75.744810    36.184885   1.62
 -75.744801    36.184883   1.64
 -75.744792    36.184881   1.69
 -75.744783    36.184878   1.73
 -75.744774    36.184876   1.77
 -75.744765    36.184873   1.80
 -75.744756    36.184871   1.86
 -75.744747    36.184868   1.89
 -75.744737    36.184866   1.95
 -75.744728    36.184864   2.01
 -75.744719    36.184861   2.04
 -75.744705    36.184858   2.08
 -75.744697    36.184856   2.13
 -75.744688    36.184853   2.17
 -75.744679    36.184850   2.20
 -75.744670    36.184848   2.25
 -75.744661    36.184845   2.28
 -75.744652    36.184842   2.31
 -75.744643    36.184840   2.33
 -75.744635    36.184837   2.35
 -75.744627    36.184835   2.37
 -75.744619    36.184833   2.37
 -75.744611    36.184831   2.39
 -75.744586    36.184825   2.44
 -75.744577    36.184823   2.45
 -75.744569    36.184821   2.47
 -75.744560    36.184818   2.48
 -75.744550    36.184816   2.50
 -75.744541    36.184814   2.52
 -75.744532    36.184811   2.53
 -75.744523    36.184809   2.54
 -75.744515    36.184806   2.55
 -75.744506    36.184804   2.57
 -75.744496    36.184801   2.59
 -75.744487    36.184799   2.59
 -75.744477    36.184796   2.61
 -75.744467    36.184794   2.63
 -75.744459    36.184791   2.63
 -75.744451    36.184789   2.66
 -75.744442    36.184787   2.68
 -75.744434    36.184784   2.67
 -75.744425    36.184782   2.70
 -75.744415    36.184779   2.70
 -75.744405    36.184777   2.72
 -75.744395    36.184775   2.73
 -75.744386    36.184773   2.75
 -75.744377    36.184771   2.75
 -75.744368    36.184769   2.77
 -75.744359    36.184767   2.77
 -75.744351    36.184765   2.78
 -75.744342    36.184763   2.79
 -75.744334    36.184761   2.79
 -75.744325    36.184759   2.80
 -75.744316    36.184757   2.83
 -75.744306    36.184755   2.83
 -75.744297    36.184752   2.85
 -75.744288    36.184750   2.87
 -75.744278    36.184747   2.87
 -75.744269    36.184745   2.88
 -75.744260    36.184743   2.89
 -75.744251    36.184740   2.90
 -75.744242    36.184738   2.92
 -75.744233    36.184735   2.93
 -75.744225    36.184733   2.93
 -75.744198    36.184725   2.97
 -75.744188    36.184722   2.98
 -75.744179    36.184720   2.99
 -75.744170    36.184717   2.99
 -75.744161    36.184715   3.00
 -75.744153    36.184712   3.01
 -75.744144    36.184710   3.02
 -75.744135    36.184707   3.03
 -75.744126    36.184705   3.03
 -75.744117    36.184702   3.04
 -75.744109    36.184699   3.04
 -75.744099    36.184697   3.06
 -75.744090    36.184695   3.06
 -75.744082    36.184692   3.07
 -75.744072    36.184689   3.06
 -75.744063    36.184687   3.07
 -75.744054    36.184684   3.09
 -75.744045    36.184682   3.09
 -75.744036    36.184679   3.09
 -75.744027    36.184677   3.09
 -75.744018    36.184674   3.08
 -75.744009    36.184672   3.08
 -75.744001    36.184670   3.09
 -75.743993    36.184668   3.08
 -75.743984    36.184666   3.10
 -75.743975    36.184663   3.10
 -75.743966    36.184661   3.10
 -75.743957    36.184658   3.11
 -75.743948    36.184655   3.11
 -75.743938    36.184653   3.11
 -75.743929    36.184651   3.11
 -75.743919    36.184648   3.12
 -75.743910    36.184646   3.13
 -75.743902    36.184644   3.12
 -75.743893    36.184642   3.13
 -75.745040    36.184695   1.02
 -75.745031    36.184692   1.04
 -75.745023    36.184691   1.08
 -75.745015    36.184689   1.10
 -75.745008    36.184688   1.12
 -75.744998    36.184686   1.15
 -75.744989    36.184685   1.18
 -75.744979    36.184683   1.21
 -75.744969    36.184681   1.24
 -75.744960    36.184680   1.28
 -75.744951    36.184678   1.31
 -75.744943    36.184676   1.34
 -75.744934    36.184674   1.38
 -75.744928    36.184673   1.40
 -75.744921    36.184671   1.43
 -75.744912    36.184669   1.47
 -75.744904    36.184667   1.51
 -75.744896    36.184665   1.54
 -75.744888    36.184662   1.58
 -75.744879    36.184660   1.63
 -75.744872    36.184658   1.67
 -75.744849    36.184651   1.79
 -75.744840    36.184648   1.83
 -75.744831    36.184645   1.88
 -75.744822    36.184643   1.91
 -75.744808    36.184639   1.97
 -75.744801    36.184637   2.00
 -75.744793    36.184635   2.04
 -75.744786    36.184633   2.06
 -75.744778    36.184631   2.08
 -75.744770    36.184629   2.11
 -75.744762    36.184627   2.14
 -75.744754    36.184624   2.16
 -75.744745    36.184622   2.19
 -75.744737    36.184619   2.21
 -75.744729    36.184616   2.24
 -75.744720    36.184614   2.26
 -75.744713    36.184611   2.29
 -75.744705    36.184609   2.30
 -75.744697    36.184606   2.34
 -75.744690    36.184604   2.35
 -75.744683    36.184601   2.37
 -75.744675    36.184598   2.38
 -75.744667    36.184595   2.42
 -75.744658    36.184592   2.42
 -75.744649    36.184589   2.43
 -75.744640    36.184586   2.45
 -75.744631    36.184583   2.48
 -75.744623    36.184580   2.50
 -75.744615    36.184578   2.52
 -75.744607    36.184574   2.53
 -75.744600    36.184572   2.53
 -75.744593    36.184569   2.55
 -75.744585    36.184567   2.58
 -75.744578    36.184565   2.59
 -75.744570    36.184563   2.61
 -75.744561    36.184561   2.61
 -75.744553    36.184560   2.64
 -75.744545    36.184558   2.65
 -75.744537    36.184557   2.67
 -75.744530    36.184555   2.67
 -75.744499    36.184549   2.72
 -75.744491    36.184548   2.73
 -75.744483    36.184546   2.74
 -75.744476    36.184544   2.75
 -75.744468    36.184542   2.77
 -75.744459    36.184541   2.77
 -75.744450    36.184539   2.78
 -75.744441    36.184537   2.79
 -75.744432    36.184535   2.81
 -75.744422    36.184533   2.81
 -75.744414    36.184531   2.82
 -75.744406    36.184530   2.84
 -75.744397    36.184528   2.84
 -75.744388    36.184526   2.85
 -75.744379    36.184524   2.86
 -75.744369    36.184522   2.87
 -75.744361    36.184520   2.89
 -75.744352    36.184518   2.88
 -75.744344    36.184516   2.90
 -75.744336    36.184515   2.91
 -75.744328    36.184512   2.90
 -75.744320    36.184510   2.92
 -75.744310    36.184508   2.94
 -75.744301    36.184505   2.94
 -75.744292    36.184502   2.94
 -75.744283    36.184500   2.95
 -75.744274    36.184497   2.96
 -75.744266    36.184495   2.97
 -75.744258    36.184493   2.98
 -75.744250    36.184490   2.98
 -75.744243    36.184488   2.98
 -75.744234    36.184486   2.99
 -75.744226    36.184484   3.00
 -75.744216    36.184481   3.00
 -75.744206    36.184479   3.00
 -75.744198    36.184477   3.00
 -75.744187    36.184474   3.01
 -75.744180    36.184473   3.01
 -75.744172    36.184471   3.01
 -75.744164    36.184469   3.02
 -75.744138    36.184463   3.04
 -75.744130    36.184461   3.05
 -75.744120    36.184458   3.05
 -75.744111    36.184456   3.05
 -75.744102    36.184454   3.05
 -75.744093    36.184451   3.06
 -75.744085    36.184450   3.07
 -75.744079    36.184448   3.06
 -75.744074    36.184447   3.07
 -75.744064    36.184444   3.08
 -75.744055    36.184441   3.09
 -75.744046    36.184439   3.09
 -75.744037    36.184436   3.10
 -75.744028    36.184433   3.11
 -75.744019    36.184431   3.11
 -75.744011    36.184428   3.11
 -75.744003    36.184426   3.11
 -75.743995    36.184424   3.13
 -75.743987    36.184422   3.13
 -75.743979    36.184420   3.13
 -75.745100    36.184530   1.10
 -75.745092    36.184528   1.12
 -75.745083    36.184526   1.15
 -75.745074    36.184523   1.18
 -75.745065    36.184521   1.21
 -75.745056    36.184519   1.25
 -75.745047    36.184516   1.27
 -75.745039    36.184514   1.30
 -75.745030    36.184511   1.33
 -75.745021    36.184508   1.37
 -75.745010    36.184505   1.42
 -75.745000    36.184502   1.47
 -75.744990    36.184499   1.52
 -75.744980    36.184497   1.57
 -75.744971    36.184494   1.62
 -75.744962    36.184492   1.67
 -75.744952    36.184490   1.72
 -75.744942    36.184488   1.77
 -75.744931    36.184486   1.83
 -75.744920    36.184484   1.88
 -75.744911    36.184482   1.92
 -75.744878    36.184476   2.05
 -75.744870    36.184473   2.07
 -75.744861    36.184471   2.10
 -75.744852    36.184468   2.14
 -75.744843    36.184465   2.15
 -75.744834    36.184463   2.18
 -75.744825    36.184460   2.20
 -75.744815    36.184458   2.23
 -75.744806    36.184455   2.26
 -75.744797    36.184453   2.28
 -75.744788    36.184451   2.29
 -75.744779    36.184448   2.33
 -75.744770    36.184446   2.35
 -75.744760    36.184444   2.38
 -75.744750    36.184441   2.39
 -75.744741    36.184439   2.41
 -75.744732    36.184437   2.42
 -75.744723    36.184434   2.43
 -75.744714    36.184432   2.46
 -75.744705    36.184429   2.47
 -75.744696    36.184427   2.50
 -75.744686    36.184425   2.50
 -75.744677    36.184423   2.52
 -75.744667    36.184421   2.53
 -75.744658    36.184418   2.55
 -75.744648    36.184416   2.58
 -75.744639    36.184414   2.58
 -75.744630    36.184411   2.59
 -75.744620    36.184409   2.61
 -75.744612    36.184407   2.62
 -75.744603    36.184404   2.64
 -75.744594    36.184402   2.65
 -75.744585    36.184400   2.66
 -75.744575    36.184398   2.68
 -75.744565    36.184395   2.69
 -75.744556    36.184392   2.71
 -75.744546    36.184389   2.72
 -75.744537    36.184387   2.73
 -75.744528    36.184384   2.75
 -75.744519    36.184381   2.76
 -75.744484    36.184370   2.81
 -75.744475    36.184367   2.83
 -75.744466    36.184364   2.83
 -75.744457    36.184361   2.85
 -75.744448    36.184358   2.86
 -75.744439    36.184355   2.87
 -75.744431    36.184352   2.87
 -75.744422    36.184350   2.90
 -75.744413    36.184347   2.91
 -75.744404    36.184345   2.90
 -75.744395    36.184342   2.92
 -75.744385    36.184340   2.93
 -75.744375    36.184337   2.95
 -75.744367    36.184335   2.95
 -75.744359    36.184332   2.96
 -75.744350    36.184330   2.97
 -75.744341    36.184327   2.98
 -75.744332    36.184324   2.98
 -75.744322    36.184322   2.99
 -75.744313    36.184319   3.01
 -75.744304    36.184316   3.01
 -75.744294    36.184314   3.02
 -75.744285    36.184312   3.03
 -75.744278    36.184310   3.03
 -75.744269    36.184309   3.04
 -75.744260    36.184307   3.04
 -75.744250    36.184305   3.06
 -75.744240    36.184304   3.07
 -75.744230    36.184301   3.07
 -75.744221    36.184300   3.07
 -75.744211    36.184298   3.07
 -75.744202    36.184295   3.07
 -75.744193    36.184293   3.08
 -75.744185    36.184291   3.08
 -75.744177    36.184288   3.09
 -75.744168    36.184286   3.10
 -75.744159    36.184284   3.10
 -75.744150    36.184281   3.12
 -75.744141    36.184279   3.11
 -75.744132    36.184276   3.11
 -75.744105    36.184268   3.12
 -75.744097    36.184266   3.11
 -75.744089    36.184263   3.12
 -75.744080    36.184260   3.12
 -75.744070    36.184258   3.12
 -75.744061    36.184255   3.12
 -75.744052    36.184253   3.12
 -75.745168    36.184368   1.36
 -75.745157    36.184365   1.42
 -75.745147    36.184361   1.48
 -75.745138    36.184358   1.53
 -75.745129    36.184356   1.57
 -75.745120    36.184353   1.62
 -75.745111    36.184350   1.68
 -75.745102    36.184348   1.73
 -75.745092    36.184345   1.79
 -75.745061    36.184337   1.92
 -75.745053    36.184334   1.97
 -75.745045    36.184332   2.00
 -75.745036    36.184329   2.03
 -75.745026    36.184327   2.06
 -75.745018    36.184324   2.09
 -75.745009    36.184321   2.12
 -75.745001    36.184318   2.14
 -75.744992    36.184316   2.16
 -75.744983    36.184313   2.19
 -75.744976    36.184311   2.20
 -75.744968    36.184308   2.23
 -75.744961    36.184306   2.23
 -75.744954    36.184304   2.26
 -75.744946    36.184301   2.27
 -75.744937    36.184299   2.30
 -75.744927    36.184296   2.31
 -75.744917    36.184293   2.33
 -75.744909    36.184290   2.35
 -75.744901    36.184288   2.36
 -75.744892    36.184285   2.38
 -75.744883    36.184282   2.39
 -75.744874    36.184280   2.42
 -75.744865    36.184277   2.51
 -75.744855    36.184278   2.50
 -75.744847    36.184276   2.52
 -75.744840    36.184274   2.53
 -75.744831    36.184272   2.56
 -75.744822    36.184269   2.56
 -75.744812    36.184267   2.59
 -75.744802    36.184264   2.60
 -75.744793    36.184261   2.61
 -75.744784    36.184259   2.62
 -75.744775    36.184256   2.63
 -75.744767    36.184254   2.64
 -75.744759    36.184252   2.65
 -75.744751    36.184249   2.67
 -75.744743    36.184247   2.69
 -75.744735    36.184244   2.69
 -75.744727    36.184242   2.70
 -75.744689    36.184231   2.75
 -75.744680    36.184229   2.77
 -75.744672    36.184226   2.78
 -75.744664    36.184224   2.79
 -75.744655    36.184222   2.81
 -75.744647    36.184219   2.82
 -75.744638    36.184217   2.82
 -75.744629    36.184215   2.83
 -75.744619    36.184213   2.85
 -75.744609    36.184211   2.87
 -75.744600    36.184209   2.87
 -75.744591    36.184207   2.88
 -75.744582    36.184205   2.88
 -75.744573    36.184203   2.89
 -75.744564    36.184201   2.90
 -75.744555    36.184198   2.91
 -75.744546    36.184196   2.91
 -75.744537    36.184194   2.92
 -75.744528    36.184192   2.93
 -75.744518    36.184190   2.94
 -75.744509    36.184188   2.94
 -75.744500    36.184186   2.94
 -75.744492    36.184183   2.94
 -75.744483    36.184181   2.94
 -75.744474    36.184178   2.95
 -75.744465    36.184176   2.95
 -75.744457    36.184173   2.95
 -75.744448    36.184171   2.96
 -75.744439    36.184169   2.97
 -75.744430    36.184166   2.98
 -75.744421    36.184164   2.98
 -75.744412    36.184162   2.98
 -75.744403    36.184160   2.98
 -75.744393    36.184157   2.99
 -75.744382    36.184155   2.99
 -75.744373    36.184153   3.00
 -75.744364    36.184151   2.99
 -75.744358    36.184150   2.99
 -75.744351    36.184149   2.99
 -75.744341    36.184146   3.00
 -75.744314    36.184140   3.00
 -75.744305    36.184137   2.99
 -75.744295    36.184135   3.00
 -75.744286    36.184132   3.00
 -75.744277    36.184129   3.00
 -75.744268    36.184127   3.00
 -75.744259    36.184124   3.00
 -75.744250    36.184122   3.00
 -75.744241    36.184119   3.00
 -75.744233    36.184117   3.00
 -75.744225    36.184115   2.99
 -75.744216    36.184112   2.99
 -75.744207    36.184110   2.99
 -75.744197    36.184107   2.99
 -75.744187    36.184104   2.99
 -75.744178    36.184102   2.99
 -75.744169    36.184099   2.98
 -75.744161    36.184097   2.98
 -75.744152    36.184094   2.98
 -75.744143    36.184092   2.99
 -75.744135    36.184090   2.98
 -75.744126    36.184088   2.98
 -75.744117    36.184085   2.97
 -75.745250    36.184173   1.27
 -75.745242    36.184170   1.30
 -75.745233    36.184166   1.35
 -75.745224    36.184163   1.40
 -75.745214    36.184160   1.46
 -75.745204    36.184157   1.53
 -75.745194    36.184154   1.60
 -75.745184    36.184152   1.65
 -75.745157    36.184146   1.80
 -75.745148    36.184144   1.85
 -75.745133    36.184141   1.91
 -75.745124    36.184139   1.95
 -75.745115    36.184137   1.99
 -75.745107    36.184135   2.01
 -75.745098    36.184134   2.05
 -75.745090    36.184132   2.07
 -75.745083    36.184130   2.10
 -75.745073    36.184128   2.13
 -75.745065    36.184125   2.15
 -75.745056    36.184124   2.17
 -75.745047    36.184121   2.19
 -75.745039    36.184119   2.21
 -75.745031    36.184117   2.24
 -75.745023    36.184114   2.25
 -75.745014    36.184112   2.27
 -75.745005    36.184110   2.28
 -75.744995    36.184107   2.30
 -75.744987    36.184105   2.31
 -75.744978    36.184103   2.33
 -75.744969    36.184100   2.34
 -75.744961    36.184098   2.36
 -75.744952    36.184096   2.37
 -75.744943    36.184093   2.38
 -75.744934    36.184091   2.40
 -75.744925    36.184089   2.41
 -75.744917    36.184087   2.44
 -75.744908    36.184085   2.44
 -75.744898    36.184083   2.46
 -75.744889    36.184081   2.48
 -75.744880    36.184079   2.49
 -75.744870    36.184077   2.50
 -75.744862    36.184074   2.51
 -75.744853    36.184072   2.52
 -75.744845    36.184070   2.54
 -75.744836    36.184067   2.56
 -75.744827    36.184064   2.57
 -75.744818    36.184062   2.59
 -75.744809    36.184059   2.61
 -75.744800    36.184056   2.62
 -75.744775    36.184048   2.67
 -75.744767    36.184046   2.68
 -75.744758    36.184043   2.70
 -75.744749    36.184041   2.70
 -75.744740    36.184038   2.72
 -75.744731    36.184036   2.73
 -75.744723    36.184033   2.74
 -75.744713    36.184031   2.75
 -75.744705    36.184028   2.76
 -75.744696    36.184026   2.77
 -75.744687    36.184024   2.78
 -75.744678    36.184022   2.79
 -75.744670    36.184020   2.80
 -75.744660    36.184018   2.80
 -75.744651    36.184015   2.81
 -75.744641    36.184013   2.81
 -75.744632    36.184011   2.82
 -75.744623    36.184008   2.82
 -75.744614    36.184006   2.83
 -75.744605    36.184004   2.84
 -75.744598    36.184002   2.84
 -75.744590    36.184000   2.84
 -75.744581    36.183997   2.85
 -75.744572    36.183995   2.85
 -75.744563    36.183992   2.85
 -75.744553    36.183990   2.86
 -75.744544    36.183987   2.86
 -75.744535    36.183984   2.85
 -75.744526    36.183981   2.85
 -75.744517    36.183979   2.86
 -75.744508    36.183976   2.86
 -75.744500    36.183974   2.86
 -75.744494    36.183972   2.85
 -75.744485    36.183970   2.86
 -75.744476    36.183967   2.85
 -75.744466    36.183965   2.86
 -75.744457    36.183962   2.86
 -75.744447    36.183960   2.86
 -75.744438    36.183957   2.87
 -75.744429    36.183954   2.87
 -75.744403    36.183949   2.87
 -75.744395    36.183946   2.86
 -75.744385    36.183943   2.87
 -75.744376    36.183941   2.85
 -75.744367    36.183939   2.85
 -75.744358    36.183936   2.85
 -75.744349    36.183934   2.85
 -75.744340    36.183932   2.84
 -75.744331    36.183930   2.84
 -75.744324    36.183928   2.84
 -75.744315    36.183926   2.83
 -75.744305    36.183923   2.83
 -75.744296    36.183921   2.83
 -75.744286    36.183918   2.82
 -75.744277    36.183916   2.81
 -75.744267    36.183914   2.81
 -75.744258    36.183911   2.80
 -75.744250    36.183909   2.80
 -75.744243    36.183907   2.79
 -75.744236    36.183906   2.78
 -75.744226    36.183903   2.78
 -75.744217    36.183900   2.77
 -75.744208    36.183898   2.75
 -75.744197    36.183896   2.74
 -75.745362    36.183887   1.79
 -75.745353    36.183885   1.84
 -75.745344    36.183882   1.87
 -75.745331    36.183878   1.94
 -75.745322    36.183876   1.97
 -75.745314    36.183874   2.01
 -75.745306    36.183872   2.05
 -75.745297    36.183869   2.08
 -75.745289    36.183867   2.11
 -75.745280    36.183864   2.13
 -75.745272    36.183862   2.16
 -75.745264    36.183860   2.18
 -75.745256    36.183858   2.20
 -75.745247    36.183856   2.23
 -75.745239    36.183854   2.23
 -75.745231    36.183851   2.26
 -75.745222    36.183850   2.27
 -75.745214    36.183847   2.28
 -75.745205    36.183845   2.30
 -75.745196    36.183843   2.33
 -75.745187    36.183841   2.34
 -75.745179    36.183838   2.35
 -75.745169    36.183836   2.36
 -75.745161    36.183834   2.38
 -75.745126    36.183825   2.45
 -75.745118    36.183823   2.46
 -75.745109    36.183821   2.46
 -75.745100    36.183818   2.49
 -75.745091    36.183816   2.49
 -75.745082    36.183814   2.50
 -75.745073    36.183812   2.52
 -75.745064    36.183810   2.54
 -75.745055    36.183808   2.56
 -75.745047    36.183805   2.57
 -75.745038    36.183803   2.58
 -75.745030    36.183801   2.60
 -75.745021    36.183798   2.61
 -75.745012    36.183796   2.63
 -75.745003    36.183794   2.64
 -75.744994    36.183791   2.65
 -75.744985    36.183789   2.66
 -75.744976    36.183787   2.68
 -75.744967    36.183785   2.69
 -75.744958    36.183782   2.71
 -75.744950    36.183780   2.71
 -75.744941    36.183778   2.72
 -75.744932    36.183776   2.74
 -75.744924    36.183774   2.74
 -75.744916    36.183772   2.75
 -75.744907    36.183770   2.76
 -75.744897    36.183768   2.77
 -75.744888    36.183766   2.77
 -75.744879    36.183763   2.78
 -75.744870    36.183761   2.79
 -75.744861    36.183759   2.79
 -75.744852    36.183757   2.79
 -75.744843    36.183755   2.79
 -75.744834    36.183753   2.80
 -75.744826    36.183751   2.80
 -75.744818    36.183749   2.80
 -75.744809    36.183747   2.80
 -75.744800    36.183745   2.80
 -75.744790    36.183742   2.80
 -75.744780    36.183740   2.80
 -75.744754    36.183733   2.79
 -75.744745    36.183731   2.79
 -75.744737    36.183728   2.78
 -75.744711    36.183721   2.76
 -75.744702    36.183718   2.77
 -75.744691    36.183716   2.75
 -75.744682    36.183713   2.74
 -75.744673    36.183711   2.74
 -75.744666    36.183708   2.72
 -75.744657    36.183706   2.72
 -75.744648    36.183704   2.71
 -75.744639    36.183701   2.70
 -75.744630    36.183698   2.70
 -75.744622    36.183695   2.68
 -75.744613    36.183693   2.66
 -75.744604    36.183691   2.65
 -75.744595    36.183688   2.63
 -75.744585    36.183686   2.62
 -75.744577    36.183683   2.60
 -75.744568    36.183681   2.58
 -75.744559    36.183678   2.56
 -75.744550    36.183675   2.53
 -75.744542    36.183673   2.50
 -75.744532    36.183671   2.48
 -75.744524    36.183668   2.45
 -75.744514    36.183666   2.43
 -75.744506    36.183663   2.39
 -75.744497    36.183661   2.38
 -75.744489    36.183659   2.36
 -75.744480    36.183657   2.32
 -75.744471    36.183655   2.29
 -75.744462    36.183653   2.27
 -75.744451    36.183651   2.25
 -75.744441    36.183648   2.22
 -75.744431    36.183646   2.21
 -75.744421    36.183644   2.19
 -75.744412    36.183641   2.16
 -75.744402    36.183639   2.15
 -75.744375    36.183632   2.11
 -75.744367    36.183630   2.09
 -75.744357    36.183627   2.09
 -75.744348    36.183625   2.08
 -75.744340    36.183623   2.07
 -75.744330    36.183620   2.06
 -75.744321    36.183617   2.05
 -75.744311    36.183615   2.05
 -75.745513    36.183517   1.55
 -75.745484    36.183510   1.74
 -75.745477    36.183507   1.79
 -75.745470    36.183506   1.82
 -75.745461    36.183504   1.86
 -75.745450    36.183502   1.91
 -75.745436    36.183498   1.97
 -75.745426    36.183497   2.01
 -75.745418    36.183495   2.04
 -75.745410    36.183492   2.07
 -75.745401    36.183490   2.10
 -75.745393    36.183488   2.13
 -75.745386    36.183485   2.15
 -75.745381    36.183483   2.18
 -75.745374    36.183481   2.20
 -75.745366    36.183478   2.21
 -75.745358    36.183476   2.22
 -75.745350    36.183473   2.24
 -75.745342    36.183471   2.26
 -75.745333    36.183468   2.27
 -75.745324    36.183466   2.28
 -75.745316    36.183464   2.29
 -75.745308    36.183462   2.31
 -75.745300    36.183461   2.32
 -75.745290    36.183460   2.33
 -75.745280    36.183457   2.34
 -75.745271    36.183456   2.36
 -75.745262    36.183454   2.37
 -75.745253    36.183452   2.39
 -75.745244    36.183451   2.40
 -75.745235    36.183449   2.41
 -75.745227    36.183447   2.42
 -75.745219    36.183445   2.44
 -75.745211    36.183444   2.45
 -75.745203    36.183442   2.46
 -75.745194    36.183440   2.47
 -75.745185    36.183437   2.49
 -75.745176    36.183435   2.50
 -75.745166    36.183433   2.52
 -75.745158    36.183430   2.53
 -75.745148    36.183429   2.54
 -75.745116    36.183421   2.57
 -75.745108    36.183419   2.59
 -75.745098    36.183417   2.59
 -75.745089    36.183415   2.59
 -75.745080    36.183412   2.60
 -75.745071    36.183410   2.61
 -75.745063    36.183408   2.62
 -75.745053    36.183406   2.62
 -75.745045    36.183403   2.62
 -75.745037    36.183401   2.62
 -75.745029    36.183399   2.63
 -75.745021    36.183397   2.63
 -75.745011    36.183394   2.63
 -75.745003    36.183392   2.63
 -75.744995    36.183389   2.63
 -75.744987    36.183387   2.63
 -75.744979    36.183385   2.62
 -75.744970    36.183382   2.62
 -75.744961    36.183380   2.62
 -75.744953    36.183377   2.61
 -75.744944    36.183375   2.60
 -75.744935    36.183373   2.59
 -75.744925    36.183370   2.59
 -75.744917    36.183369   2.57
 -75.744909    36.183367   2.55
 -75.744901    36.183365   2.54
 -75.744892    36.183363   2.53
 -75.744879    36.183359   2.51
 -75.744869    36.183357   2.49
 -75.744860    36.183354   2.48
 -75.744851    36.183352   2.45
 -75.744843    36.183349   2.43
 -75.744834    36.183348   2.41
 -75.744826    36.183346   2.38
 -75.744817    36.183344   2.34
 -75.744810    36.183342   2.31
 -75.744802    36.183340   2.27
 -75.744794    36.183338   2.22
 -75.744786    36.183336   2.18
 -75.744778    36.183334   2.13
 -75.744758    36.183328   2.02
 -75.744749    36.183325   1.98
 -75.744740    36.183323   1.95
 -75.744732    36.183320   1.91
 -75.744722    36.183317   1.89
 -75.744713    36.183314   1.87
 -75.744703    36.183311   1.84
 -75.744694    36.183307   1.82
 -75.744684    36.183304   1.80
 -75.744675    36.183301   1.78
 -75.744665    36.183298   1.77
 -75.744656    36.183295   1.76
 -75.744647    36.183292   1.75
 -75.744637    36.183288   1.75
 -75.744629    36.183286   1.75
 -75.744621    36.183283   1.74
 -75.744613    36.183280   1.74
 -75.744603    36.183277   1.74
 -75.744593    36.183274   1.75
 -75.744583    36.183271   1.76
 -75.744574    36.183268   1.77
 -75.744564    36.183266   1.78
 -75.744555    36.183263   1.79
 -75.744546    36.183260   1.80
 -75.744538    36.183258   1.81
 -75.744530    36.183257   1.82
 -75.744523    36.183254   1.82
 -75.744513    36.183251   1.83
 -75.744504    36.183249   1.85
 -75.744493    36.183246   1.86
 -75.744483    36.183244   1.89
 -75.744474    36.183241   1.90
 -75.744465    36.183240   1.91
 -75.745625    36.183233   1.86
 -75.745611    36.183229   1.90
 -75.745603    36.183227   1.95
 -75.745595    36.183225   1.98
 -75.745587    36.183222   2.02
 -75.745578    36.183220   2.04
 -75.745570    36.183218   2.08
 -75.745561    36.183216   2.10
 -75.745552    36.183214   2.12
 -75.745544    36.183212   2.15
 -75.745536    36.183210   2.17
 -75.745527    36.183207   2.19
 -75.745518    36.183205   2.20
 -75.745509    36.183203   2.22
 -75.745499    36.183200   2.24
 -75.745490    36.183198   2.26
 -75.745481    36.183195   2.27
 -75.745472    36.183193   2.29
 -75.745463    36.183191   2.30
 -75.745454    36.183189   2.31
 -75.745445    36.183187   2.33
 -75.745436    36.183185   2.34
 -75.745427    36.183182   2.36
 -75.745419    36.183180   2.37
 -75.745410    36.183178   2.38
 -75.745400    36.183176   2.40
 -75.745389    36.183173   2.41
 -75.745379    36.183170   2.43
 -75.745352    36.183164   2.47
 -75.745343    36.183161   2.48
 -75.745334    36.183159   2.49
 -75.745327    36.183157   2.50
 -75.745319    36.183155   2.51
 -75.745310    36.183152   2.50
 -75.745300    36.183150   2.51
 -75.745290    36.183146   2.52
 -75.745280    36.183144   2.52
 -75.745271    36.183141   2.53
 -75.745262    36.183139   2.53
 -75.745254    36.183136   2.53
 -75.745245    36.183133   2.52
 -75.745237    36.183131   2.52
 -75.745228    36.183128   2.52
 -75.745219    36.183126   2.52
 -75.745211    36.183123   2.52
 -75.745203    36.183120   2.51
 -75.745195    36.183118   2.50
 -75.745185    36.183115   2.49
 -75.745175    36.183112   2.48
 -75.745165    36.183109   2.47
 -75.745149    36.183105   2.44
 -75.745139    36.183102   2.42
 -75.745129    36.183100   2.40
 -75.745119    36.183097   2.38
 -75.745110    36.183095   2.36
 -75.745100    36.183092   2.35
 -75.745091    36.183089   2.32
 -75.745083    36.183087   2.29
 -75.745073    36.183086   2.23
 -75.745064    36.183086   2.16
 -75.745057    36.183086   2.07
 -75.745049    36.183085   1.99
 -75.745042    36.183083   1.90
 -75.745033    36.183081   1.84
 -75.745030    36.183080   1.79
 -75.745022    36.183078   1.75
 -75.745013    36.183075   1.71
 -75.745004    36.183073   1.68
 -75.744962    36.183062   1.57
 -75.744951    36.183058   1.55
 -75.744940    36.183056   1.54
 -75.744929    36.183053   1.53
 -75.744918    36.183050   1.53
 -75.744907    36.183046   1.54
 -75.744896    36.183043   1.54
 -75.744887    36.183041   1.53
 -75.744878    36.183038   1.54
 -75.744868    36.183036   1.55
 -75.744859    36.183032   1.56
 -75.744849    36.183030   1.56
 -75.744840    36.183027   1.57
 -75.744830    36.183024   1.58
 -75.744820    36.183021   1.61
 -75.744809    36.183018   1.62
 -75.744799    36.183015   1.63
 -75.744790    36.183012   1.66
 -75.744781    36.183009   1.67
 -75.744772    36.183006   1.69
 -75.744763    36.183004   1.70
 -75.744753    36.183001   1.72
 -75.744744    36.182999   1.74
 -75.744734    36.182996   1.76
 -75.744724    36.182994   1.78
 -75.744715    36.182992   1.80
 -75.744705    36.182989   1.81
 -75.744696    36.182987   1.83
 -75.744686    36.182985   1.85
 -75.744677    36.182982   1.87
 -75.744667    36.182980   1.88
 -75.744658    36.182977   1.89
 -75.744648    36.182976   1.91
 -75.744639    36.182973   1.92
 -75.744630    36.182971   1.94
 -75.744620    36.182969   1.95
 -75.744610    36.182966   1.97
 -75.744600    36.182964   1.98
 -75.744591    36.182961   2.00
 -75.744581    36.182959   2.00
